
  Solution 1
  ----------

      a   b   c   d   e   f   g   h 
    +---+---+---+---+---+---+---+---+
  1 | 1 | 0 | 0 | 0 | 0 | 0 | 0 | 0 | 
    +---+---+---+---+---+---+---+---+
  2 | 0 | 0 | 0 | 0 | 5 | 0 | 0 | 0 | 
    +---+---+---+---+---+---+---+---+
  3 | 0 | 0 | 0 | 0 | 0 | 0 | 0 | 8 | 
    +---+---+---+---+---+---+---+---+
  4 | 0 | 0 | 0 | 0 | 0 | 6 | 0 | 0 | 
    +---+---+---+---+---+---+---+---+
  5 | 0 | 0 | 3 | 0 | 0 | 0 | 0 | 0 | 
    +---+---+---+---+---+---+---+---+
  6 | 0 | 0 | 0 | 0 | 0 | 0 | 7 | 0 | 
    +---+---+---+---+---+---+---+---+
  7 | 0 | 2 | 0 | 0 | 0 | 0 | 0 | 0 | 
    +---+---+---+---+---+---+---+---+
  8 | 0 | 0 | 0 | 4 | 0 | 0 | 0 | 0 | 
    +---+---+---+---+---+---+---+---+

  Queen Coordinates = {(1, a), (2, e), (3, h), (4, f), (5, c), (6, g), (7, b), (8, d)}


  Solution 2
  ----------

      a   b   c   d   e   f   g   h 
    +---+---+---+---+---+---+---+---+
  1 | 1 | 0 | 0 | 0 | 0 | 0 | 0 | 0 | 
    +---+---+---+---+---+---+---+---+
  2 | 0 | 0 | 0 | 0 | 0 | 6 | 0 | 0 | 
    +---+---+---+---+---+---+---+---+
  3 | 0 | 0 | 0 | 0 | 0 | 0 | 0 | 8 | 
    +---+---+---+---+---+---+---+---+
  4 | 0 | 0 | 3 | 0 | 0 | 0 | 0 | 0 | 
    +---+---+---+---+---+---+---+---+
  5 | 0 | 0 | 0 | 0 | 0 | 0 | 7 | 0 | 
    +---+---+---+---+---+---+---+---+
  6 | 0 | 0 | 0 | 4 | 0 | 0 | 0 | 0 | 
    +---+---+---+---+---+---+---+---+
  7 | 0 | 2 | 0 | 0 | 0 | 0 | 0 | 0 | 
    +---+---+---+---+---+---+---+---+
  8 | 0 | 0 | 0 | 0 | 5 | 0 | 0 | 0 | 
    +---+---+---+---+---+---+---+---+

  Queen Coordinates = {(1, a), (2, f), (3, h), (4, c), (5, g), (6, d), (7, b), (8, e)}


  Solution 3
  ----------

      a   b   c   d   e   f   g   h 
    +---+---+---+---+---+---+---+---+
  1 | 1 | 0 | 0 | 0 | 0 | 0 | 0 | 0 | 
    +---+---+---+---+---+---+---+---+
  2 | 0 | 0 | 0 | 0 | 0 | 0 | 7 | 0 | 
    +---+---+---+---+---+---+---+---+
  3 | 0 | 0 | 0 | 4 | 0 | 0 | 0 | 0 | 
    +---+---+---+---+---+---+---+---+
  4 | 0 | 0 | 0 | 0 | 0 | 6 | 0 | 0 | 
    +---+---+---+---+---+---+---+---+
  5 | 0 | 0 | 0 | 0 | 0 | 0 | 0 | 8 | 
    +---+---+---+---+---+---+---+---+
  6 | 0 | 2 | 0 | 0 | 0 | 0 | 0 | 0 | 
    +---+---+---+---+---+---+---+---+
  7 | 0 | 0 | 0 | 0 | 5 | 0 | 0 | 0 | 
    +---+---+---+---+---+---+---+---+
  8 | 0 | 0 | 3 | 0 | 0 | 0 | 0 | 0 | 
    +---+---+---+---+---+---+---+---+

  Queen Coordinates = {(1, a), (2, g), (3, d), (4, f), (5, h), (6, b), (7, e), (8, c)}


  Solution 4
  ----------

      a   b   c   d   e   f   g   h 
    +---+---+---+---+---+---+---+---+
  1 | 1 | 0 | 0 | 0 | 0 | 0 | 0 | 0 | 
    +---+---+---+---+---+---+---+---+
  2 | 0 | 0 | 0 | 0 | 0 | 0 | 7 | 0 | 
    +---+---+---+---+---+---+---+---+
  3 | 0 | 0 | 0 | 0 | 5 | 0 | 0 | 0 | 
    +---+---+---+---+---+---+---+---+
  4 | 0 | 0 | 0 | 0 | 0 | 0 | 0 | 8 | 
    +---+---+---+---+---+---+---+---+
  5 | 0 | 2 | 0 | 0 | 0 | 0 | 0 | 0 | 
    +---+---+---+---+---+---+---+---+
  6 | 0 | 0 | 0 | 4 | 0 | 0 | 0 | 0 | 
    +---+---+---+---+---+---+---+---+
  7 | 0 | 0 | 0 | 0 | 0 | 6 | 0 | 0 | 
    +---+---+---+---+---+---+---+---+
  8 | 0 | 0 | 3 | 0 | 0 | 0 | 0 | 0 | 
    +---+---+---+---+---+---+---+---+

  Queen Coordinates = {(1, a), (2, g), (3, e), (4, h), (5, b), (6, d), (7, f), (8, c)}


  Solution 5
  ----------

      a   b   c   d   e   f   g   h 
    +---+---+---+---+---+---+---+---+
  1 | 0 | 2 | 0 | 0 | 0 | 0 | 0 | 0 | 
    +---+---+---+---+---+---+---+---+
  2 | 0 | 0 | 0 | 4 | 0 | 0 | 0 | 0 | 
    +---+---+---+---+---+---+---+---+
  3 | 0 | 0 | 0 | 0 | 0 | 6 | 0 | 0 | 
    +---+---+---+---+---+---+---+---+
  4 | 0 | 0 | 0 | 0 | 0 | 0 | 0 | 8 | 
    +---+---+---+---+---+---+---+---+
  5 | 0 | 0 | 3 | 0 | 0 | 0 | 0 | 0 | 
    +---+---+---+---+---+---+---+---+
  6 | 1 | 0 | 0 | 0 | 0 | 0 | 0 | 0 | 
    +---+---+---+---+---+---+---+---+
  7 | 0 | 0 | 0 | 0 | 0 | 0 | 7 | 0 | 
    +---+---+---+---+---+---+---+---+
  8 | 0 | 0 | 0 | 0 | 5 | 0 | 0 | 0 | 
    +---+---+---+---+---+---+---+---+

  Queen Coordinates = {(1, b), (2, d), (3, f), (4, h), (5, c), (6, a), (7, g), (8, e)}


  Solution 6
  ----------

      a   b   c   d   e   f   g   h 
    +---+---+---+---+---+---+---+---+
  1 | 0 | 2 | 0 | 0 | 0 | 0 | 0 | 0 | 
    +---+---+---+---+---+---+---+---+
  2 | 0 | 0 | 0 | 0 | 5 | 0 | 0 | 0 | 
    +---+---+---+---+---+---+---+---+
  3 | 0 | 0 | 0 | 0 | 0 | 0 | 7 | 0 | 
    +---+---+---+---+---+---+---+---+
  4 | 1 | 0 | 0 | 0 | 0 | 0 | 0 | 0 | 
    +---+---+---+---+---+---+---+---+
  5 | 0 | 0 | 3 | 0 | 0 | 0 | 0 | 0 | 
    +---+---+---+---+---+---+---+---+
  6 | 0 | 0 | 0 | 0 | 0 | 0 | 0 | 8 | 
    +---+---+---+---+---+---+---+---+
  7 | 0 | 0 | 0 | 0 | 0 | 6 | 0 | 0 | 
    +---+---+---+---+---+---+---+---+
  8 | 0 | 0 | 0 | 4 | 0 | 0 | 0 | 0 | 
    +---+---+---+---+---+---+---+---+

  Queen Coordinates = {(1, b), (2, e), (3, g), (4, a), (5, c), (6, h), (7, f), (8, d)}


  Solution 7
  ----------

      a   b   c   d   e   f   g   h 
    +---+---+---+---+---+---+---+---+
  1 | 0 | 2 | 0 | 0 | 0 | 0 | 0 | 0 | 
    +---+---+---+---+---+---+---+---+
  2 | 0 | 0 | 0 | 0 | 5 | 0 | 0 | 0 | 
    +---+---+---+---+---+---+---+---+
  3 | 0 | 0 | 0 | 0 | 0 | 0 | 7 | 0 | 
    +---+---+---+---+---+---+---+---+
  4 | 0 | 0 | 0 | 4 | 0 | 0 | 0 | 0 | 
    +---+---+---+---+---+---+---+---+
  5 | 1 | 0 | 0 | 0 | 0 | 0 | 0 | 0 | 
    +---+---+---+---+---+---+---+---+
  6 | 0 | 0 | 0 | 0 | 0 | 0 | 0 | 8 | 
    +---+---+---+---+---+---+---+---+
  7 | 0 | 0 | 0 | 0 | 0 | 6 | 0 | 0 | 
    +---+---+---+---+---+---+---+---+
  8 | 0 | 0 | 3 | 0 | 0 | 0 | 0 | 0 | 
    +---+---+---+---+---+---+---+---+

  Queen Coordinates = {(1, b), (2, e), (3, g), (4, d), (5, a), (6, h), (7, f), (8, c)}


  Solution 8
  ----------

      a   b   c   d   e   f   g   h 
    +---+---+---+---+---+---+---+---+
  1 | 0 | 2 | 0 | 0 | 0 | 0 | 0 | 0 | 
    +---+---+---+---+---+---+---+---+
  2 | 0 | 0 | 0 | 0 | 0 | 6 | 0 | 0 | 
    +---+---+---+---+---+---+---+---+
  3 | 1 | 0 | 0 | 0 | 0 | 0 | 0 | 0 | 
    +---+---+---+---+---+---+---+---+
  4 | 0 | 0 | 0 | 0 | 0 | 0 | 7 | 0 | 
    +---+---+---+---+---+---+---+---+
  5 | 0 | 0 | 0 | 4 | 0 | 0 | 0 | 0 | 
    +---+---+---+---+---+---+---+---+
  6 | 0 | 0 | 0 | 0 | 0 | 0 | 0 | 8 | 
    +---+---+---+---+---+---+---+---+
  7 | 0 | 0 | 3 | 0 | 0 | 0 | 0 | 0 | 
    +---+---+---+---+---+---+---+---+
  8 | 0 | 0 | 0 | 0 | 5 | 0 | 0 | 0 | 
    +---+---+---+---+---+---+---+---+

  Queen Coordinates = {(1, b), (2, f), (3, a), (4, g), (5, d), (6, h), (7, c), (8, e)}


  Solution 9
  ----------

      a   b   c   d   e   f   g   h 
    +---+---+---+---+---+---+---+---+
  1 | 0 | 2 | 0 | 0 | 0 | 0 | 0 | 0 | 
    +---+---+---+---+---+---+---+---+
  2 | 0 | 0 | 0 | 0 | 0 | 6 | 0 | 0 | 
    +---+---+---+---+---+---+---+---+
  3 | 0 | 0 | 0 | 0 | 0 | 0 | 0 | 8 | 
    +---+---+---+---+---+---+---+---+
  4 | 0 | 0 | 3 | 0 | 0 | 0 | 0 | 0 | 
    +---+---+---+---+---+---+---+---+
  5 | 1 | 0 | 0 | 0 | 0 | 0 | 0 | 0 | 
    +---+---+---+---+---+---+---+---+
  6 | 0 | 0 | 0 | 4 | 0 | 0 | 0 | 0 | 
    +---+---+---+---+---+---+---+---+
  7 | 0 | 0 | 0 | 0 | 0 | 0 | 7 | 0 | 
    +---+---+---+---+---+---+---+---+
  8 | 0 | 0 | 0 | 0 | 5 | 0 | 0 | 0 | 
    +---+---+---+---+---+---+---+---+

  Queen Coordinates = {(1, b), (2, f), (3, h), (4, c), (5, a), (6, d), (7, g), (8, e)}


  Solution 10
  -----------

      a   b   c   d   e   f   g   h 
    +---+---+---+---+---+---+---+---+
  1 | 0 | 2 | 0 | 0 | 0 | 0 | 0 | 0 | 
    +---+---+---+---+---+---+---+---+
  2 | 0 | 0 | 0 | 0 | 0 | 0 | 7 | 0 | 
    +---+---+---+---+---+---+---+---+
  3 | 0 | 0 | 3 | 0 | 0 | 0 | 0 | 0 | 
    +---+---+---+---+---+---+---+---+
  4 | 0 | 0 | 0 | 0 | 0 | 6 | 0 | 0 | 
    +---+---+---+---+---+---+---+---+
  5 | 0 | 0 | 0 | 0 | 0 | 0 | 0 | 8 | 
    +---+---+---+---+---+---+---+---+
  6 | 0 | 0 | 0 | 0 | 5 | 0 | 0 | 0 | 
    +---+---+---+---+---+---+---+---+
  7 | 1 | 0 | 0 | 0 | 0 | 0 | 0 | 0 | 
    +---+---+---+---+---+---+---+---+
  8 | 0 | 0 | 0 | 4 | 0 | 0 | 0 | 0 | 
    +---+---+---+---+---+---+---+---+

  Queen Coordinates = {(1, b), (2, g), (3, c), (4, f), (5, h), (6, e), (7, a), (8, d)}


  Solution 11
  -----------

      a   b   c   d   e   f   g   h 
    +---+---+---+---+---+---+---+---+
  1 | 0 | 2 | 0 | 0 | 0 | 0 | 0 | 0 | 
    +---+---+---+---+---+---+---+---+
  2 | 0 | 0 | 0 | 0 | 0 | 0 | 7 | 0 | 
    +---+---+---+---+---+---+---+---+
  3 | 0 | 0 | 0 | 0 | 5 | 0 | 0 | 0 | 
    +---+---+---+---+---+---+---+---+
  4 | 0 | 0 | 0 | 0 | 0 | 0 | 0 | 8 | 
    +---+---+---+---+---+---+---+---+
  5 | 1 | 0 | 0 | 0 | 0 | 0 | 0 | 0 | 
    +---+---+---+---+---+---+---+---+
  6 | 0 | 0 | 0 | 4 | 0 | 0 | 0 | 0 | 
    +---+---+---+---+---+---+---+---+
  7 | 0 | 0 | 0 | 0 | 0 | 6 | 0 | 0 | 
    +---+---+---+---+---+---+---+---+
  8 | 0 | 0 | 3 | 0 | 0 | 0 | 0 | 0 | 
    +---+---+---+---+---+---+---+---+

  Queen Coordinates = {(1, b), (2, g), (3, e), (4, h), (5, a), (6, d), (7, f), (8, c)}


  Solution 12
  -----------

      a   b   c   d   e   f   g   h 
    +---+---+---+---+---+---+---+---+
  1 | 0 | 2 | 0 | 0 | 0 | 0 | 0 | 0 | 
    +---+---+---+---+---+---+---+---+
  2 | 0 | 0 | 0 | 0 | 0 | 0 | 0 | 8 | 
    +---+---+---+---+---+---+---+---+
  3 | 0 | 0 | 0 | 0 | 0 | 6 | 0 | 0 | 
    +---+---+---+---+---+---+---+---+
  4 | 1 | 0 | 0 | 0 | 0 | 0 | 0 | 0 | 
    +---+---+---+---+---+---+---+---+
  5 | 0 | 0 | 3 | 0 | 0 | 0 | 0 | 0 | 
    +---+---+---+---+---+---+---+---+
  6 | 0 | 0 | 0 | 0 | 5 | 0 | 0 | 0 | 
    +---+---+---+---+---+---+---+---+
  7 | 0 | 0 | 0 | 0 | 0 | 0 | 7 | 0 | 
    +---+---+---+---+---+---+---+---+
  8 | 0 | 0 | 0 | 4 | 0 | 0 | 0 | 0 | 
    +---+---+---+---+---+---+---+---+

  Queen Coordinates = {(1, b), (2, h), (3, f), (4, a), (5, c), (6, e), (7, g), (8, d)}


  Solution 13
  -----------

      a   b   c   d   e   f   g   h 
    +---+---+---+---+---+---+---+---+
  1 | 0 | 0 | 3 | 0 | 0 | 0 | 0 | 0 | 
    +---+---+---+---+---+---+---+---+
  2 | 1 | 0 | 0 | 0 | 0 | 0 | 0 | 0 | 
    +---+---+---+---+---+---+---+---+
  3 | 0 | 0 | 0 | 0 | 0 | 0 | 7 | 0 | 
    +---+---+---+---+---+---+---+---+
  4 | 0 | 0 | 0 | 0 | 5 | 0 | 0 | 0 | 
    +---+---+---+---+---+---+---+---+
  5 | 0 | 0 | 0 | 0 | 0 | 0 | 0 | 8 | 
    +---+---+---+---+---+---+---+---+
  6 | 0 | 2 | 0 | 0 | 0 | 0 | 0 | 0 | 
    +---+---+---+---+---+---+---+---+
  7 | 0 | 0 | 0 | 4 | 0 | 0 | 0 | 0 | 
    +---+---+---+---+---+---+---+---+
  8 | 0 | 0 | 0 | 0 | 0 | 6 | 0 | 0 | 
    +---+---+---+---+---+---+---+---+

  Queen Coordinates = {(1, c), (2, a), (3, g), (4, e), (5, h), (6, b), (7, d), (8, f)}


  Solution 14
  -----------

      a   b   c   d   e   f   g   h 
    +---+---+---+---+---+---+---+---+
  1 | 0 | 0 | 3 | 0 | 0 | 0 | 0 | 0 | 
    +---+---+---+---+---+---+---+---+
  2 | 0 | 0 | 0 | 0 | 5 | 0 | 0 | 0 | 
    +---+---+---+---+---+---+---+---+
  3 | 0 | 2 | 0 | 0 | 0 | 0 | 0 | 0 | 
    +---+---+---+---+---+---+---+---+
  4 | 0 | 0 | 0 | 0 | 0 | 0 | 0 | 8 | 
    +---+---+---+---+---+---+---+---+
  5 | 1 | 0 | 0 | 0 | 0 | 0 | 0 | 0 | 
    +---+---+---+---+---+---+---+---+
  6 | 0 | 0 | 0 | 0 | 0 | 0 | 7 | 0 | 
    +---+---+---+---+---+---+---+---+
  7 | 0 | 0 | 0 | 4 | 0 | 0 | 0 | 0 | 
    +---+---+---+---+---+---+---+---+
  8 | 0 | 0 | 0 | 0 | 0 | 6 | 0 | 0 | 
    +---+---+---+---+---+---+---+---+

  Queen Coordinates = {(1, c), (2, e), (3, b), (4, h), (5, a), (6, g), (7, d), (8, f)}


  Solution 15
  -----------

      a   b   c   d   e   f   g   h 
    +---+---+---+---+---+---+---+---+
  1 | 0 | 0 | 3 | 0 | 0 | 0 | 0 | 0 | 
    +---+---+---+---+---+---+---+---+
  2 | 0 | 0 | 0 | 0 | 5 | 0 | 0 | 0 | 
    +---+---+---+---+---+---+---+---+
  3 | 0 | 2 | 0 | 0 | 0 | 0 | 0 | 0 | 
    +---+---+---+---+---+---+---+---+
  4 | 0 | 0 | 0 | 0 | 0 | 0 | 0 | 8 | 
    +---+---+---+---+---+---+---+---+
  5 | 0 | 0 | 0 | 0 | 0 | 6 | 0 | 0 | 
    +---+---+---+---+---+---+---+---+
  6 | 0 | 0 | 0 | 4 | 0 | 0 | 0 | 0 | 
    +---+---+---+---+---+---+---+---+
  7 | 0 | 0 | 0 | 0 | 0 | 0 | 7 | 0 | 
    +---+---+---+---+---+---+---+---+
  8 | 1 | 0 | 0 | 0 | 0 | 0 | 0 | 0 | 
    +---+---+---+---+---+---+---+---+

  Queen Coordinates = {(1, c), (2, e), (3, b), (4, h), (5, f), (6, d), (7, g), (8, a)}


  Solution 16
  -----------

      a   b   c   d   e   f   g   h 
    +---+---+---+---+---+---+---+---+
  1 | 0 | 0 | 3 | 0 | 0 | 0 | 0 | 0 | 
    +---+---+---+---+---+---+---+---+
  2 | 0 | 0 | 0 | 0 | 5 | 0 | 0 | 0 | 
    +---+---+---+---+---+---+---+---+
  3 | 0 | 0 | 0 | 0 | 0 | 0 | 7 | 0 | 
    +---+---+---+---+---+---+---+---+
  4 | 1 | 0 | 0 | 0 | 0 | 0 | 0 | 0 | 
    +---+---+---+---+---+---+---+---+
  5 | 0 | 0 | 0 | 4 | 0 | 0 | 0 | 0 | 
    +---+---+---+---+---+---+---+---+
  6 | 0 | 2 | 0 | 0 | 0 | 0 | 0 | 0 | 
    +---+---+---+---+---+---+---+---+
  7 | 0 | 0 | 0 | 0 | 0 | 0 | 0 | 8 | 
    +---+---+---+---+---+---+---+---+
  8 | 0 | 0 | 0 | 0 | 0 | 6 | 0 | 0 | 
    +---+---+---+---+---+---+---+---+

  Queen Coordinates = {(1, c), (2, e), (3, g), (4, a), (5, d), (6, b), (7, h), (8, f)}


  Solution 17
  -----------

      a   b   c   d   e   f   g   h 
    +---+---+---+---+---+---+---+---+
  1 | 0 | 0 | 3 | 0 | 0 | 0 | 0 | 0 | 
    +---+---+---+---+---+---+---+---+
  2 | 0 | 0 | 0 | 0 | 5 | 0 | 0 | 0 | 
    +---+---+---+---+---+---+---+---+
  3 | 0 | 0 | 0 | 0 | 0 | 0 | 0 | 8 | 
    +---+---+---+---+---+---+---+---+
  4 | 0 | 0 | 0 | 4 | 0 | 0 | 0 | 0 | 
    +---+---+---+---+---+---+---+---+
  5 | 1 | 0 | 0 | 0 | 0 | 0 | 0 | 0 | 
    +---+---+---+---+---+---+---+---+
  6 | 0 | 0 | 0 | 0 | 0 | 0 | 7 | 0 | 
    +---+---+---+---+---+---+---+---+
  7 | 0 | 2 | 0 | 0 | 0 | 0 | 0 | 0 | 
    +---+---+---+---+---+---+---+---+
  8 | 0 | 0 | 0 | 0 | 0 | 6 | 0 | 0 | 
    +---+---+---+---+---+---+---+---+

  Queen Coordinates = {(1, c), (2, e), (3, h), (4, d), (5, a), (6, g), (7, b), (8, f)}


  Solution 18
  -----------

      a   b   c   d   e   f   g   h 
    +---+---+---+---+---+---+---+---+
  1 | 0 | 0 | 3 | 0 | 0 | 0 | 0 | 0 | 
    +---+---+---+---+---+---+---+---+
  2 | 0 | 0 | 0 | 0 | 0 | 6 | 0 | 0 | 
    +---+---+---+---+---+---+---+---+
  3 | 0 | 2 | 0 | 0 | 0 | 0 | 0 | 0 | 
    +---+---+---+---+---+---+---+---+
  4 | 0 | 0 | 0 | 0 | 5 | 0 | 0 | 0 | 
    +---+---+---+---+---+---+---+---+
  5 | 0 | 0 | 0 | 0 | 0 | 0 | 0 | 8 | 
    +---+---+---+---+---+---+---+---+
  6 | 1 | 0 | 0 | 0 | 0 | 0 | 0 | 0 | 
    +---+---+---+---+---+---+---+---+
  7 | 0 | 0 | 0 | 0 | 0 | 0 | 7 | 0 | 
    +---+---+---+---+---+---+---+---+
  8 | 0 | 0 | 0 | 4 | 0 | 0 | 0 | 0 | 
    +---+---+---+---+---+---+---+---+

  Queen Coordinates = {(1, c), (2, f), (3, b), (4, e), (5, h), (6, a), (7, g), (8, d)}


  Solution 19
  -----------

      a   b   c   d   e   f   g   h 
    +---+---+---+---+---+---+---+---+
  1 | 0 | 0 | 3 | 0 | 0 | 0 | 0 | 0 | 
    +---+---+---+---+---+---+---+---+
  2 | 0 | 0 | 0 | 0 | 0 | 6 | 0 | 0 | 
    +---+---+---+---+---+---+---+---+
  3 | 0 | 2 | 0 | 0 | 0 | 0 | 0 | 0 | 
    +---+---+---+---+---+---+---+---+
  4 | 0 | 0 | 0 | 0 | 0 | 0 | 7 | 0 | 
    +---+---+---+---+---+---+---+---+
  5 | 1 | 0 | 0 | 0 | 0 | 0 | 0 | 0 | 
    +---+---+---+---+---+---+---+---+
  6 | 0 | 0 | 0 | 4 | 0 | 0 | 0 | 0 | 
    +---+---+---+---+---+---+---+---+
  7 | 0 | 0 | 0 | 0 | 0 | 0 | 0 | 8 | 
    +---+---+---+---+---+---+---+---+
  8 | 0 | 0 | 0 | 0 | 5 | 0 | 0 | 0 | 
    +---+---+---+---+---+---+---+---+

  Queen Coordinates = {(1, c), (2, f), (3, b), (4, g), (5, a), (6, d), (7, h), (8, e)}


  Solution 20
  -----------

      a   b   c   d   e   f   g   h 
    +---+---+---+---+---+---+---+---+
  1 | 0 | 0 | 3 | 0 | 0 | 0 | 0 | 0 | 
    +---+---+---+---+---+---+---+---+
  2 | 0 | 0 | 0 | 0 | 0 | 6 | 0 | 0 | 
    +---+---+---+---+---+---+---+---+
  3 | 0 | 2 | 0 | 0 | 0 | 0 | 0 | 0 | 
    +---+---+---+---+---+---+---+---+
  4 | 0 | 0 | 0 | 0 | 0 | 0 | 7 | 0 | 
    +---+---+---+---+---+---+---+---+
  5 | 0 | 0 | 0 | 0 | 5 | 0 | 0 | 0 | 
    +---+---+---+---+---+---+---+---+
  6 | 1 | 0 | 0 | 0 | 0 | 0 | 0 | 0 | 
    +---+---+---+---+---+---+---+---+
  7 | 0 | 0 | 0 | 0 | 0 | 0 | 0 | 8 | 
    +---+---+---+---+---+---+---+---+
  8 | 0 | 0 | 0 | 4 | 0 | 0 | 0 | 0 | 
    +---+---+---+---+---+---+---+---+

  Queen Coordinates = {(1, c), (2, f), (3, b), (4, g), (5, e), (6, a), (7, h), (8, d)}


  Solution 21
  -----------

      a   b   c   d   e   f   g   h 
    +---+---+---+---+---+---+---+---+
  1 | 0 | 0 | 3 | 0 | 0 | 0 | 0 | 0 | 
    +---+---+---+---+---+---+---+---+
  2 | 0 | 0 | 0 | 0 | 0 | 6 | 0 | 0 | 
    +---+---+---+---+---+---+---+---+
  3 | 0 | 0 | 0 | 4 | 0 | 0 | 0 | 0 | 
    +---+---+---+---+---+---+---+---+
  4 | 1 | 0 | 0 | 0 | 0 | 0 | 0 | 0 | 
    +---+---+---+---+---+---+---+---+
  5 | 0 | 0 | 0 | 0 | 0 | 0 | 0 | 8 | 
    +---+---+---+---+---+---+---+---+
  6 | 0 | 0 | 0 | 0 | 5 | 0 | 0 | 0 | 
    +---+---+---+---+---+---+---+---+
  7 | 0 | 0 | 0 | 0 | 0 | 0 | 7 | 0 | 
    +---+---+---+---+---+---+---+---+
  8 | 0 | 2 | 0 | 0 | 0 | 0 | 0 | 0 | 
    +---+---+---+---+---+---+---+---+

  Queen Coordinates = {(1, c), (2, f), (3, d), (4, a), (5, h), (6, e), (7, g), (8, b)}


  Solution 22
  -----------

      a   b   c   d   e   f   g   h 
    +---+---+---+---+---+---+---+---+
  1 | 0 | 0 | 3 | 0 | 0 | 0 | 0 | 0 | 
    +---+---+---+---+---+---+---+---+
  2 | 0 | 0 | 0 | 0 | 0 | 6 | 0 | 0 | 
    +---+---+---+---+---+---+---+---+
  3 | 0 | 0 | 0 | 4 | 0 | 0 | 0 | 0 | 
    +---+---+---+---+---+---+---+---+
  4 | 0 | 2 | 0 | 0 | 0 | 0 | 0 | 0 | 
    +---+---+---+---+---+---+---+---+
  5 | 0 | 0 | 0 | 0 | 0 | 0 | 0 | 8 | 
    +---+---+---+---+---+---+---+---+
  6 | 0 | 0 | 0 | 0 | 5 | 0 | 0 | 0 | 
    +---+---+---+---+---+---+---+---+
  7 | 0 | 0 | 0 | 0 | 0 | 0 | 7 | 0 | 
    +---+---+---+---+---+---+---+---+
  8 | 1 | 0 | 0 | 0 | 0 | 0 | 0 | 0 | 
    +---+---+---+---+---+---+---+---+

  Queen Coordinates = {(1, c), (2, f), (3, d), (4, b), (5, h), (6, e), (7, g), (8, a)}


  Solution 23
  -----------

      a   b   c   d   e   f   g   h 
    +---+---+---+---+---+---+---+---+
  1 | 0 | 0 | 3 | 0 | 0 | 0 | 0 | 0 | 
    +---+---+---+---+---+---+---+---+
  2 | 0 | 0 | 0 | 0 | 0 | 6 | 0 | 0 | 
    +---+---+---+---+---+---+---+---+
  3 | 0 | 0 | 0 | 0 | 0 | 0 | 0 | 8 | 
    +---+---+---+---+---+---+---+---+
  4 | 1 | 0 | 0 | 0 | 0 | 0 | 0 | 0 | 
    +---+---+---+---+---+---+---+---+
  5 | 0 | 0 | 0 | 4 | 0 | 0 | 0 | 0 | 
    +---+---+---+---+---+---+---+---+
  6 | 0 | 0 | 0 | 0 | 0 | 0 | 7 | 0 | 
    +---+---+---+---+---+---+---+---+
  7 | 0 | 0 | 0 | 0 | 5 | 0 | 0 | 0 | 
    +---+---+---+---+---+---+---+---+
  8 | 0 | 2 | 0 | 0 | 0 | 0 | 0 | 0 | 
    +---+---+---+---+---+---+---+---+

  Queen Coordinates = {(1, c), (2, f), (3, h), (4, a), (5, d), (6, g), (7, e), (8, b)}


  Solution 24
  -----------

      a   b   c   d   e   f   g   h 
    +---+---+---+---+---+---+---+---+
  1 | 0 | 0 | 3 | 0 | 0 | 0 | 0 | 0 | 
    +---+---+---+---+---+---+---+---+
  2 | 0 | 0 | 0 | 0 | 0 | 6 | 0 | 0 | 
    +---+---+---+---+---+---+---+---+
  3 | 0 | 0 | 0 | 0 | 0 | 0 | 0 | 8 | 
    +---+---+---+---+---+---+---+---+
  4 | 1 | 0 | 0 | 0 | 0 | 0 | 0 | 0 | 
    +---+---+---+---+---+---+---+---+
  5 | 0 | 0 | 0 | 0 | 5 | 0 | 0 | 0 | 
    +---+---+---+---+---+---+---+---+
  6 | 0 | 0 | 0 | 0 | 0 | 0 | 7 | 0 | 
    +---+---+---+---+---+---+---+---+
  7 | 0 | 2 | 0 | 0 | 0 | 0 | 0 | 0 | 
    +---+---+---+---+---+---+---+---+
  8 | 0 | 0 | 0 | 4 | 0 | 0 | 0 | 0 | 
    +---+---+---+---+---+---+---+---+

  Queen Coordinates = {(1, c), (2, f), (3, h), (4, a), (5, e), (6, g), (7, b), (8, d)}


  Solution 25
  -----------

      a   b   c   d   e   f   g   h 
    +---+---+---+---+---+---+---+---+
  1 | 0 | 0 | 3 | 0 | 0 | 0 | 0 | 0 | 
    +---+---+---+---+---+---+---+---+
  2 | 0 | 0 | 0 | 0 | 0 | 6 | 0 | 0 | 
    +---+---+---+---+---+---+---+---+
  3 | 0 | 0 | 0 | 0 | 0 | 0 | 0 | 8 | 
    +---+---+---+---+---+---+---+---+
  4 | 0 | 2 | 0 | 0 | 0 | 0 | 0 | 0 | 
    +---+---+---+---+---+---+---+---+
  5 | 0 | 0 | 0 | 4 | 0 | 0 | 0 | 0 | 
    +---+---+---+---+---+---+---+---+
  6 | 1 | 0 | 0 | 0 | 0 | 0 | 0 | 0 | 
    +---+---+---+---+---+---+---+---+
  7 | 0 | 0 | 0 | 0 | 0 | 0 | 7 | 0 | 
    +---+---+---+---+---+---+---+---+
  8 | 0 | 0 | 0 | 0 | 5 | 0 | 0 | 0 | 
    +---+---+---+---+---+---+---+---+

  Queen Coordinates = {(1, c), (2, f), (3, h), (4, b), (5, d), (6, a), (7, g), (8, e)}


  Solution 26
  -----------

      a   b   c   d   e   f   g   h 
    +---+---+---+---+---+---+---+---+
  1 | 0 | 0 | 3 | 0 | 0 | 0 | 0 | 0 | 
    +---+---+---+---+---+---+---+---+
  2 | 0 | 0 | 0 | 0 | 0 | 0 | 7 | 0 | 
    +---+---+---+---+---+---+---+---+
  3 | 0 | 2 | 0 | 0 | 0 | 0 | 0 | 0 | 
    +---+---+---+---+---+---+---+---+
  4 | 0 | 0 | 0 | 0 | 0 | 0 | 0 | 8 | 
    +---+---+---+---+---+---+---+---+
  5 | 0 | 0 | 0 | 0 | 5 | 0 | 0 | 0 | 
    +---+---+---+---+---+---+---+---+
  6 | 1 | 0 | 0 | 0 | 0 | 0 | 0 | 0 | 
    +---+---+---+---+---+---+---+---+
  7 | 0 | 0 | 0 | 4 | 0 | 0 | 0 | 0 | 
    +---+---+---+---+---+---+---+---+
  8 | 0 | 0 | 0 | 0 | 0 | 6 | 0 | 0 | 
    +---+---+---+---+---+---+---+---+

  Queen Coordinates = {(1, c), (2, g), (3, b), (4, h), (5, e), (6, a), (7, d), (8, f)}


  Solution 27
  -----------

      a   b   c   d   e   f   g   h 
    +---+---+---+---+---+---+---+---+
  1 | 0 | 0 | 3 | 0 | 0 | 0 | 0 | 0 | 
    +---+---+---+---+---+---+---+---+
  2 | 0 | 0 | 0 | 0 | 0 | 0 | 7 | 0 | 
    +---+---+---+---+---+---+---+---+
  3 | 0 | 2 | 0 | 0 | 0 | 0 | 0 | 0 | 
    +---+---+---+---+---+---+---+---+
  4 | 0 | 0 | 0 | 0 | 0 | 0 | 0 | 8 | 
    +---+---+---+---+---+---+---+---+
  5 | 0 | 0 | 0 | 0 | 0 | 6 | 0 | 0 | 
    +---+---+---+---+---+---+---+---+
  6 | 0 | 0 | 0 | 4 | 0 | 0 | 0 | 0 | 
    +---+---+---+---+---+---+---+---+
  7 | 1 | 0 | 0 | 0 | 0 | 0 | 0 | 0 | 
    +---+---+---+---+---+---+---+---+
  8 | 0 | 0 | 0 | 0 | 5 | 0 | 0 | 0 | 
    +---+---+---+---+---+---+---+---+

  Queen Coordinates = {(1, c), (2, g), (3, b), (4, h), (5, f), (6, d), (7, a), (8, e)}


  Solution 28
  -----------

      a   b   c   d   e   f   g   h 
    +---+---+---+---+---+---+---+---+
  1 | 0 | 0 | 3 | 0 | 0 | 0 | 0 | 0 | 
    +---+---+---+---+---+---+---+---+
  2 | 0 | 0 | 0 | 0 | 0 | 0 | 0 | 8 | 
    +---+---+---+---+---+---+---+---+
  3 | 0 | 0 | 0 | 4 | 0 | 0 | 0 | 0 | 
    +---+---+---+---+---+---+---+---+
  4 | 0 | 0 | 0 | 0 | 0 | 0 | 7 | 0 | 
    +---+---+---+---+---+---+---+---+
  5 | 1 | 0 | 0 | 0 | 0 | 0 | 0 | 0 | 
    +---+---+---+---+---+---+---+---+
  6 | 0 | 0 | 0 | 0 | 0 | 6 | 0 | 0 | 
    +---+---+---+---+---+---+---+---+
  7 | 0 | 2 | 0 | 0 | 0 | 0 | 0 | 0 | 
    +---+---+---+---+---+---+---+---+
  8 | 0 | 0 | 0 | 0 | 5 | 0 | 0 | 0 | 
    +---+---+---+---+---+---+---+---+

  Queen Coordinates = {(1, c), (2, h), (3, d), (4, g), (5, a), (6, f), (7, b), (8, e)}


  Solution 29
  -----------

      a   b   c   d   e   f   g   h 
    +---+---+---+---+---+---+---+---+
  1 | 0 | 0 | 0 | 4 | 0 | 0 | 0 | 0 | 
    +---+---+---+---+---+---+---+---+
  2 | 1 | 0 | 0 | 0 | 0 | 0 | 0 | 0 | 
    +---+---+---+---+---+---+---+---+
  3 | 0 | 0 | 0 | 0 | 5 | 0 | 0 | 0 | 
    +---+---+---+---+---+---+---+---+
  4 | 0 | 0 | 0 | 0 | 0 | 0 | 0 | 8 | 
    +---+---+---+---+---+---+---+---+
  5 | 0 | 2 | 0 | 0 | 0 | 0 | 0 | 0 | 
    +---+---+---+---+---+---+---+---+
  6 | 0 | 0 | 0 | 0 | 0 | 0 | 7 | 0 | 
    +---+---+---+---+---+---+---+---+
  7 | 0 | 0 | 3 | 0 | 0 | 0 | 0 | 0 | 
    +---+---+---+---+---+---+---+---+
  8 | 0 | 0 | 0 | 0 | 0 | 6 | 0 | 0 | 
    +---+---+---+---+---+---+---+---+

  Queen Coordinates = {(1, d), (2, a), (3, e), (4, h), (5, b), (6, g), (7, c), (8, f)}


  Solution 30
  -----------

      a   b   c   d   e   f   g   h 
    +---+---+---+---+---+---+---+---+
  1 | 0 | 0 | 0 | 4 | 0 | 0 | 0 | 0 | 
    +---+---+---+---+---+---+---+---+
  2 | 1 | 0 | 0 | 0 | 0 | 0 | 0 | 0 | 
    +---+---+---+---+---+---+---+---+
  3 | 0 | 0 | 0 | 0 | 5 | 0 | 0 | 0 | 
    +---+---+---+---+---+---+---+---+
  4 | 0 | 0 | 0 | 0 | 0 | 0 | 0 | 8 | 
    +---+---+---+---+---+---+---+---+
  5 | 0 | 0 | 0 | 0 | 0 | 6 | 0 | 0 | 
    +---+---+---+---+---+---+---+---+
  6 | 0 | 0 | 3 | 0 | 0 | 0 | 0 | 0 | 
    +---+---+---+---+---+---+---+---+
  7 | 0 | 0 | 0 | 0 | 0 | 0 | 7 | 0 | 
    +---+---+---+---+---+---+---+---+
  8 | 0 | 2 | 0 | 0 | 0 | 0 | 0 | 0 | 
    +---+---+---+---+---+---+---+---+

  Queen Coordinates = {(1, d), (2, a), (3, e), (4, h), (5, f), (6, c), (7, g), (8, b)}


  Solution 31
  -----------

      a   b   c   d   e   f   g   h 
    +---+---+---+---+---+---+---+---+
  1 | 0 | 0 | 0 | 4 | 0 | 0 | 0 | 0 | 
    +---+---+---+---+---+---+---+---+
  2 | 0 | 2 | 0 | 0 | 0 | 0 | 0 | 0 | 
    +---+---+---+---+---+---+---+---+
  3 | 0 | 0 | 0 | 0 | 5 | 0 | 0 | 0 | 
    +---+---+---+---+---+---+---+---+
  4 | 0 | 0 | 0 | 0 | 0 | 0 | 0 | 8 | 
    +---+---+---+---+---+---+---+---+
  5 | 0 | 0 | 0 | 0 | 0 | 6 | 0 | 0 | 
    +---+---+---+---+---+---+---+---+
  6 | 1 | 0 | 0 | 0 | 0 | 0 | 0 | 0 | 
    +---+---+---+---+---+---+---+---+
  7 | 0 | 0 | 3 | 0 | 0 | 0 | 0 | 0 | 
    +---+---+---+---+---+---+---+---+
  8 | 0 | 0 | 0 | 0 | 0 | 0 | 7 | 0 | 
    +---+---+---+---+---+---+---+---+

  Queen Coordinates = {(1, d), (2, b), (3, e), (4, h), (5, f), (6, a), (7, c), (8, g)}


  Solution 32
  -----------

      a   b   c   d   e   f   g   h 
    +---+---+---+---+---+---+---+---+
  1 | 0 | 0 | 0 | 4 | 0 | 0 | 0 | 0 | 
    +---+---+---+---+---+---+---+---+
  2 | 0 | 2 | 0 | 0 | 0 | 0 | 0 | 0 | 
    +---+---+---+---+---+---+---+---+
  3 | 0 | 0 | 0 | 0 | 0 | 0 | 7 | 0 | 
    +---+---+---+---+---+---+---+---+
  4 | 0 | 0 | 3 | 0 | 0 | 0 | 0 | 0 | 
    +---+---+---+---+---+---+---+---+
  5 | 0 | 0 | 0 | 0 | 0 | 6 | 0 | 0 | 
    +---+---+---+---+---+---+---+---+
  6 | 0 | 0 | 0 | 0 | 0 | 0 | 0 | 8 | 
    +---+---+---+---+---+---+---+---+
  7 | 1 | 0 | 0 | 0 | 0 | 0 | 0 | 0 | 
    +---+---+---+---+---+---+---+---+
  8 | 0 | 0 | 0 | 0 | 5 | 0 | 0 | 0 | 
    +---+---+---+---+---+---+---+---+

  Queen Coordinates = {(1, d), (2, b), (3, g), (4, c), (5, f), (6, h), (7, a), (8, e)}


  Solution 33
  -----------

      a   b   c   d   e   f   g   h 
    +---+---+---+---+---+---+---+---+
  1 | 0 | 0 | 0 | 4 | 0 | 0 | 0 | 0 | 
    +---+---+---+---+---+---+---+---+
  2 | 0 | 2 | 0 | 0 | 0 | 0 | 0 | 0 | 
    +---+---+---+---+---+---+---+---+
  3 | 0 | 0 | 0 | 0 | 0 | 0 | 7 | 0 | 
    +---+---+---+---+---+---+---+---+
  4 | 0 | 0 | 3 | 0 | 0 | 0 | 0 | 0 | 
    +---+---+---+---+---+---+---+---+
  5 | 0 | 0 | 0 | 0 | 0 | 6 | 0 | 0 | 
    +---+---+---+---+---+---+---+---+
  6 | 0 | 0 | 0 | 0 | 0 | 0 | 0 | 8 | 
    +---+---+---+---+---+---+---+---+
  7 | 0 | 0 | 0 | 0 | 5 | 0 | 0 | 0 | 
    +---+---+---+---+---+---+---+---+
  8 | 1 | 0 | 0 | 0 | 0 | 0 | 0 | 0 | 
    +---+---+---+---+---+---+---+---+

  Queen Coordinates = {(1, d), (2, b), (3, g), (4, c), (5, f), (6, h), (7, e), (8, a)}


  Solution 34
  -----------

      a   b   c   d   e   f   g   h 
    +---+---+---+---+---+---+---+---+
  1 | 0 | 0 | 0 | 4 | 0 | 0 | 0 | 0 | 
    +---+---+---+---+---+---+---+---+
  2 | 0 | 2 | 0 | 0 | 0 | 0 | 0 | 0 | 
    +---+---+---+---+---+---+---+---+
  3 | 0 | 0 | 0 | 0 | 0 | 0 | 7 | 0 | 
    +---+---+---+---+---+---+---+---+
  4 | 0 | 0 | 0 | 0 | 5 | 0 | 0 | 0 | 
    +---+---+---+---+---+---+---+---+
  5 | 1 | 0 | 0 | 0 | 0 | 0 | 0 | 0 | 
    +---+---+---+---+---+---+---+---+
  6 | 0 | 0 | 0 | 0 | 0 | 0 | 0 | 8 | 
    +---+---+---+---+---+---+---+---+
  7 | 0 | 0 | 0 | 0 | 0 | 6 | 0 | 0 | 
    +---+---+---+---+---+---+---+---+
  8 | 0 | 0 | 3 | 0 | 0 | 0 | 0 | 0 | 
    +---+---+---+---+---+---+---+---+

  Queen Coordinates = {(1, d), (2, b), (3, g), (4, e), (5, a), (6, h), (7, f), (8, c)}


  Solution 35
  -----------

      a   b   c   d   e   f   g   h 
    +---+---+---+---+---+---+---+---+
  1 | 0 | 0 | 0 | 4 | 0 | 0 | 0 | 0 | 
    +---+---+---+---+---+---+---+---+
  2 | 0 | 2 | 0 | 0 | 0 | 0 | 0 | 0 | 
    +---+---+---+---+---+---+---+---+
  3 | 0 | 0 | 0 | 0 | 0 | 0 | 0 | 8 | 
    +---+---+---+---+---+---+---+---+
  4 | 0 | 0 | 0 | 0 | 5 | 0 | 0 | 0 | 
    +---+---+---+---+---+---+---+---+
  5 | 0 | 0 | 0 | 0 | 0 | 0 | 7 | 0 | 
    +---+---+---+---+---+---+---+---+
  6 | 1 | 0 | 0 | 0 | 0 | 0 | 0 | 0 | 
    +---+---+---+---+---+---+---+---+
  7 | 0 | 0 | 3 | 0 | 0 | 0 | 0 | 0 | 
    +---+---+---+---+---+---+---+---+
  8 | 0 | 0 | 0 | 0 | 0 | 6 | 0 | 0 | 
    +---+---+---+---+---+---+---+---+

  Queen Coordinates = {(1, d), (2, b), (3, h), (4, e), (5, g), (6, a), (7, c), (8, f)}


  Solution 36
  -----------

      a   b   c   d   e   f   g   h 
    +---+---+---+---+---+---+---+---+
  1 | 0 | 0 | 0 | 4 | 0 | 0 | 0 | 0 | 
    +---+---+---+---+---+---+---+---+
  2 | 0 | 2 | 0 | 0 | 0 | 0 | 0 | 0 | 
    +---+---+---+---+---+---+---+---+
  3 | 0 | 0 | 0 | 0 | 0 | 0 | 0 | 8 | 
    +---+---+---+---+---+---+---+---+
  4 | 0 | 0 | 0 | 0 | 0 | 6 | 0 | 0 | 
    +---+---+---+---+---+---+---+---+
  5 | 1 | 0 | 0 | 0 | 0 | 0 | 0 | 0 | 
    +---+---+---+---+---+---+---+---+
  6 | 0 | 0 | 3 | 0 | 0 | 0 | 0 | 0 | 
    +---+---+---+---+---+---+---+---+
  7 | 0 | 0 | 0 | 0 | 5 | 0 | 0 | 0 | 
    +---+---+---+---+---+---+---+---+
  8 | 0 | 0 | 0 | 0 | 0 | 0 | 7 | 0 | 
    +---+---+---+---+---+---+---+---+

  Queen Coordinates = {(1, d), (2, b), (3, h), (4, f), (5, a), (6, c), (7, e), (8, g)}


  Solution 37
  -----------

      a   b   c   d   e   f   g   h 
    +---+---+---+---+---+---+---+---+
  1 | 0 | 0 | 0 | 4 | 0 | 0 | 0 | 0 | 
    +---+---+---+---+---+---+---+---+
  2 | 0 | 0 | 0 | 0 | 0 | 6 | 0 | 0 | 
    +---+---+---+---+---+---+---+---+
  3 | 1 | 0 | 0 | 0 | 0 | 0 | 0 | 0 | 
    +---+---+---+---+---+---+---+---+
  4 | 0 | 0 | 0 | 0 | 5 | 0 | 0 | 0 | 
    +---+---+---+---+---+---+---+---+
  5 | 0 | 2 | 0 | 0 | 0 | 0 | 0 | 0 | 
    +---+---+---+---+---+---+---+---+
  6 | 0 | 0 | 0 | 0 | 0 | 0 | 0 | 8 | 
    +---+---+---+---+---+---+---+---+
  7 | 0 | 0 | 3 | 0 | 0 | 0 | 0 | 0 | 
    +---+---+---+---+---+---+---+---+
  8 | 0 | 0 | 0 | 0 | 0 | 0 | 7 | 0 | 
    +---+---+---+---+---+---+---+---+

  Queen Coordinates = {(1, d), (2, f), (3, a), (4, e), (5, b), (6, h), (7, c), (8, g)}


  Solution 38
  -----------

      a   b   c   d   e   f   g   h 
    +---+---+---+---+---+---+---+---+
  1 | 0 | 0 | 0 | 4 | 0 | 0 | 0 | 0 | 
    +---+---+---+---+---+---+---+---+
  2 | 0 | 0 | 0 | 0 | 0 | 6 | 0 | 0 | 
    +---+---+---+---+---+---+---+---+
  3 | 0 | 0 | 0 | 0 | 0 | 0 | 0 | 8 | 
    +---+---+---+---+---+---+---+---+
  4 | 0 | 2 | 0 | 0 | 0 | 0 | 0 | 0 | 
    +---+---+---+---+---+---+---+---+
  5 | 0 | 0 | 0 | 0 | 0 | 0 | 7 | 0 | 
    +---+---+---+---+---+---+---+---+
  6 | 1 | 0 | 0 | 0 | 0 | 0 | 0 | 0 | 
    +---+---+---+---+---+---+---+---+
  7 | 0 | 0 | 3 | 0 | 0 | 0 | 0 | 0 | 
    +---+---+---+---+---+---+---+---+
  8 | 0 | 0 | 0 | 0 | 5 | 0 | 0 | 0 | 
    +---+---+---+---+---+---+---+---+

  Queen Coordinates = {(1, d), (2, f), (3, h), (4, b), (5, g), (6, a), (7, c), (8, e)}


  Solution 39
  -----------

      a   b   c   d   e   f   g   h 
    +---+---+---+---+---+---+---+---+
  1 | 0 | 0 | 0 | 4 | 0 | 0 | 0 | 0 | 
    +---+---+---+---+---+---+---+---+
  2 | 0 | 0 | 0 | 0 | 0 | 6 | 0 | 0 | 
    +---+---+---+---+---+---+---+---+
  3 | 0 | 0 | 0 | 0 | 0 | 0 | 0 | 8 | 
    +---+---+---+---+---+---+---+---+
  4 | 0 | 0 | 3 | 0 | 0 | 0 | 0 | 0 | 
    +---+---+---+---+---+---+---+---+
  5 | 1 | 0 | 0 | 0 | 0 | 0 | 0 | 0 | 
    +---+---+---+---+---+---+---+---+
  6 | 0 | 0 | 0 | 0 | 0 | 0 | 7 | 0 | 
    +---+---+---+---+---+---+---+---+
  7 | 0 | 0 | 0 | 0 | 5 | 0 | 0 | 0 | 
    +---+---+---+---+---+---+---+---+
  8 | 0 | 2 | 0 | 0 | 0 | 0 | 0 | 0 | 
    +---+---+---+---+---+---+---+---+

  Queen Coordinates = {(1, d), (2, f), (3, h), (4, c), (5, a), (6, g), (7, e), (8, b)}


  Solution 40
  -----------

      a   b   c   d   e   f   g   h 
    +---+---+---+---+---+---+---+---+
  1 | 0 | 0 | 0 | 4 | 0 | 0 | 0 | 0 | 
    +---+---+---+---+---+---+---+---+
  2 | 0 | 0 | 0 | 0 | 0 | 0 | 7 | 0 | 
    +---+---+---+---+---+---+---+---+
  3 | 1 | 0 | 0 | 0 | 0 | 0 | 0 | 0 | 
    +---+---+---+---+---+---+---+---+
  4 | 0 | 0 | 0 | 0 | 0 | 0 | 0 | 8 | 
    +---+---+---+---+---+---+---+---+
  5 | 0 | 0 | 0 | 0 | 5 | 0 | 0 | 0 | 
    +---+---+---+---+---+---+---+---+
  6 | 0 | 2 | 0 | 0 | 0 | 0 | 0 | 0 | 
    +---+---+---+---+---+---+---+---+
  7 | 0 | 0 | 0 | 0 | 0 | 6 | 0 | 0 | 
    +---+---+---+---+---+---+---+---+
  8 | 0 | 0 | 3 | 0 | 0 | 0 | 0 | 0 | 
    +---+---+---+---+---+---+---+---+

  Queen Coordinates = {(1, d), (2, g), (3, a), (4, h), (5, e), (6, b), (7, f), (8, c)}


  Solution 41
  -----------

      a   b   c   d   e   f   g   h 
    +---+---+---+---+---+---+---+---+
  1 | 0 | 0 | 0 | 4 | 0 | 0 | 0 | 0 | 
    +---+---+---+---+---+---+---+---+
  2 | 0 | 0 | 0 | 0 | 0 | 0 | 7 | 0 | 
    +---+---+---+---+---+---+---+---+
  3 | 0 | 0 | 3 | 0 | 0 | 0 | 0 | 0 | 
    +---+---+---+---+---+---+---+---+
  4 | 0 | 0 | 0 | 0 | 0 | 0 | 0 | 8 | 
    +---+---+---+---+---+---+---+---+
  5 | 0 | 2 | 0 | 0 | 0 | 0 | 0 | 0 | 
    +---+---+---+---+---+---+---+---+
  6 | 0 | 0 | 0 | 0 | 5 | 0 | 0 | 0 | 
    +---+---+---+---+---+---+---+---+
  7 | 1 | 0 | 0 | 0 | 0 | 0 | 0 | 0 | 
    +---+---+---+---+---+---+---+---+
  8 | 0 | 0 | 0 | 0 | 0 | 6 | 0 | 0 | 
    +---+---+---+---+---+---+---+---+

  Queen Coordinates = {(1, d), (2, g), (3, c), (4, h), (5, b), (6, e), (7, a), (8, f)}


  Solution 42
  -----------

      a   b   c   d   e   f   g   h 
    +---+---+---+---+---+---+---+---+
  1 | 0 | 0 | 0 | 4 | 0 | 0 | 0 | 0 | 
    +---+---+---+---+---+---+---+---+
  2 | 0 | 0 | 0 | 0 | 0 | 0 | 7 | 0 | 
    +---+---+---+---+---+---+---+---+
  3 | 0 | 0 | 0 | 0 | 5 | 0 | 0 | 0 | 
    +---+---+---+---+---+---+---+---+
  4 | 0 | 2 | 0 | 0 | 0 | 0 | 0 | 0 | 
    +---+---+---+---+---+---+---+---+
  5 | 0 | 0 | 0 | 0 | 0 | 6 | 0 | 0 | 
    +---+---+---+---+---+---+---+---+
  6 | 1 | 0 | 0 | 0 | 0 | 0 | 0 | 0 | 
    +---+---+---+---+---+---+---+---+
  7 | 0 | 0 | 3 | 0 | 0 | 0 | 0 | 0 | 
    +---+---+---+---+---+---+---+---+
  8 | 0 | 0 | 0 | 0 | 0 | 0 | 0 | 8 | 
    +---+---+---+---+---+---+---+---+

  Queen Coordinates = {(1, d), (2, g), (3, e), (4, b), (5, f), (6, a), (7, c), (8, h)}


  Solution 43
  -----------

      a   b   c   d   e   f   g   h 
    +---+---+---+---+---+---+---+---+
  1 | 0 | 0 | 0 | 4 | 0 | 0 | 0 | 0 | 
    +---+---+---+---+---+---+---+---+
  2 | 0 | 0 | 0 | 0 | 0 | 0 | 7 | 0 | 
    +---+---+---+---+---+---+---+---+
  3 | 0 | 0 | 0 | 0 | 5 | 0 | 0 | 0 | 
    +---+---+---+---+---+---+---+---+
  4 | 0 | 0 | 3 | 0 | 0 | 0 | 0 | 0 | 
    +---+---+---+---+---+---+---+---+
  5 | 1 | 0 | 0 | 0 | 0 | 0 | 0 | 0 | 
    +---+---+---+---+---+---+---+---+
  6 | 0 | 0 | 0 | 0 | 0 | 6 | 0 | 0 | 
    +---+---+---+---+---+---+---+---+
  7 | 0 | 0 | 0 | 0 | 0 | 0 | 0 | 8 | 
    +---+---+---+---+---+---+---+---+
  8 | 0 | 2 | 0 | 0 | 0 | 0 | 0 | 0 | 
    +---+---+---+---+---+---+---+---+

  Queen Coordinates = {(1, d), (2, g), (3, e), (4, c), (5, a), (6, f), (7, h), (8, b)}


  Solution 44
  -----------

      a   b   c   d   e   f   g   h 
    +---+---+---+---+---+---+---+---+
  1 | 0 | 0 | 0 | 4 | 0 | 0 | 0 | 0 | 
    +---+---+---+---+---+---+---+---+
  2 | 0 | 0 | 0 | 0 | 0 | 0 | 0 | 8 | 
    +---+---+---+---+---+---+---+---+
  3 | 1 | 0 | 0 | 0 | 0 | 0 | 0 | 0 | 
    +---+---+---+---+---+---+---+---+
  4 | 0 | 0 | 3 | 0 | 0 | 0 | 0 | 0 | 
    +---+---+---+---+---+---+---+---+
  5 | 0 | 0 | 0 | 0 | 0 | 6 | 0 | 0 | 
    +---+---+---+---+---+---+---+---+
  6 | 0 | 2 | 0 | 0 | 0 | 0 | 0 | 0 | 
    +---+---+---+---+---+---+---+---+
  7 | 0 | 0 | 0 | 0 | 0 | 0 | 7 | 0 | 
    +---+---+---+---+---+---+---+---+
  8 | 0 | 0 | 0 | 0 | 5 | 0 | 0 | 0 | 
    +---+---+---+---+---+---+---+---+

  Queen Coordinates = {(1, d), (2, h), (3, a), (4, c), (5, f), (6, b), (7, g), (8, e)}


  Solution 45
  -----------

      a   b   c   d   e   f   g   h 
    +---+---+---+---+---+---+---+---+
  1 | 0 | 0 | 0 | 4 | 0 | 0 | 0 | 0 | 
    +---+---+---+---+---+---+---+---+
  2 | 0 | 0 | 0 | 0 | 0 | 0 | 0 | 8 | 
    +---+---+---+---+---+---+---+---+
  3 | 1 | 0 | 0 | 0 | 0 | 0 | 0 | 0 | 
    +---+---+---+---+---+---+---+---+
  4 | 0 | 0 | 0 | 0 | 5 | 0 | 0 | 0 | 
    +---+---+---+---+---+---+---+---+
  5 | 0 | 0 | 0 | 0 | 0 | 0 | 7 | 0 | 
    +---+---+---+---+---+---+---+---+
  6 | 0 | 2 | 0 | 0 | 0 | 0 | 0 | 0 | 
    +---+---+---+---+---+---+---+---+
  7 | 0 | 0 | 0 | 0 | 0 | 6 | 0 | 0 | 
    +---+---+---+---+---+---+---+---+
  8 | 0 | 0 | 3 | 0 | 0 | 0 | 0 | 0 | 
    +---+---+---+---+---+---+---+---+

  Queen Coordinates = {(1, d), (2, h), (3, a), (4, e), (5, g), (6, b), (7, f), (8, c)}


  Solution 46
  -----------

      a   b   c   d   e   f   g   h 
    +---+---+---+---+---+---+---+---+
  1 | 0 | 0 | 0 | 4 | 0 | 0 | 0 | 0 | 
    +---+---+---+---+---+---+---+---+
  2 | 0 | 0 | 0 | 0 | 0 | 0 | 0 | 8 | 
    +---+---+---+---+---+---+---+---+
  3 | 0 | 0 | 0 | 0 | 5 | 0 | 0 | 0 | 
    +---+---+---+---+---+---+---+---+
  4 | 0 | 0 | 3 | 0 | 0 | 0 | 0 | 0 | 
    +---+---+---+---+---+---+---+---+
  5 | 1 | 0 | 0 | 0 | 0 | 0 | 0 | 0 | 
    +---+---+---+---+---+---+---+---+
  6 | 0 | 0 | 0 | 0 | 0 | 0 | 7 | 0 | 
    +---+---+---+---+---+---+---+---+
  7 | 0 | 2 | 0 | 0 | 0 | 0 | 0 | 0 | 
    +---+---+---+---+---+---+---+---+
  8 | 0 | 0 | 0 | 0 | 0 | 6 | 0 | 0 | 
    +---+---+---+---+---+---+---+---+

  Queen Coordinates = {(1, d), (2, h), (3, e), (4, c), (5, a), (6, g), (7, b), (8, f)}


  Solution 47
  -----------

      a   b   c   d   e   f   g   h 
    +---+---+---+---+---+---+---+---+
  1 | 0 | 0 | 0 | 0 | 5 | 0 | 0 | 0 | 
    +---+---+---+---+---+---+---+---+
  2 | 1 | 0 | 0 | 0 | 0 | 0 | 0 | 0 | 
    +---+---+---+---+---+---+---+---+
  3 | 0 | 0 | 0 | 4 | 0 | 0 | 0 | 0 | 
    +---+---+---+---+---+---+---+---+
  4 | 0 | 0 | 0 | 0 | 0 | 6 | 0 | 0 | 
    +---+---+---+---+---+---+---+---+
  5 | 0 | 0 | 0 | 0 | 0 | 0 | 0 | 8 | 
    +---+---+---+---+---+---+---+---+
  6 | 0 | 2 | 0 | 0 | 0 | 0 | 0 | 0 | 
    +---+---+---+---+---+---+---+---+
  7 | 0 | 0 | 0 | 0 | 0 | 0 | 7 | 0 | 
    +---+---+---+---+---+---+---+---+
  8 | 0 | 0 | 3 | 0 | 0 | 0 | 0 | 0 | 
    +---+---+---+---+---+---+---+---+

  Queen Coordinates = {(1, e), (2, a), (3, d), (4, f), (5, h), (6, b), (7, g), (8, c)}


  Solution 48
  -----------

      a   b   c   d   e   f   g   h 
    +---+---+---+---+---+---+---+---+
  1 | 0 | 0 | 0 | 0 | 5 | 0 | 0 | 0 | 
    +---+---+---+---+---+---+---+---+
  2 | 1 | 0 | 0 | 0 | 0 | 0 | 0 | 0 | 
    +---+---+---+---+---+---+---+---+
  3 | 0 | 0 | 0 | 0 | 0 | 0 | 0 | 8 | 
    +---+---+---+---+---+---+---+---+
  4 | 0 | 0 | 0 | 4 | 0 | 0 | 0 | 0 | 
    +---+---+---+---+---+---+---+---+
  5 | 0 | 2 | 0 | 0 | 0 | 0 | 0 | 0 | 
    +---+---+---+---+---+---+---+---+
  6 | 0 | 0 | 0 | 0 | 0 | 0 | 7 | 0 | 
    +---+---+---+---+---+---+---+---+
  7 | 0 | 0 | 3 | 0 | 0 | 0 | 0 | 0 | 
    +---+---+---+---+---+---+---+---+
  8 | 0 | 0 | 0 | 0 | 0 | 6 | 0 | 0 | 
    +---+---+---+---+---+---+---+---+

  Queen Coordinates = {(1, e), (2, a), (3, h), (4, d), (5, b), (6, g), (7, c), (8, f)}


  Solution 49
  -----------

      a   b   c   d   e   f   g   h 
    +---+---+---+---+---+---+---+---+
  1 | 0 | 0 | 0 | 0 | 5 | 0 | 0 | 0 | 
    +---+---+---+---+---+---+---+---+
  2 | 1 | 0 | 0 | 0 | 0 | 0 | 0 | 0 | 
    +---+---+---+---+---+---+---+---+
  3 | 0 | 0 | 0 | 0 | 0 | 0 | 0 | 8 | 
    +---+---+---+---+---+---+---+---+
  4 | 0 | 0 | 0 | 0 | 0 | 6 | 0 | 0 | 
    +---+---+---+---+---+---+---+---+
  5 | 0 | 0 | 3 | 0 | 0 | 0 | 0 | 0 | 
    +---+---+---+---+---+---+---+---+
  6 | 0 | 0 | 0 | 0 | 0 | 0 | 7 | 0 | 
    +---+---+---+---+---+---+---+---+
  7 | 0 | 2 | 0 | 0 | 0 | 0 | 0 | 0 | 
    +---+---+---+---+---+---+---+---+
  8 | 0 | 0 | 0 | 4 | 0 | 0 | 0 | 0 | 
    +---+---+---+---+---+---+---+---+

  Queen Coordinates = {(1, e), (2, a), (3, h), (4, f), (5, c), (6, g), (7, b), (8, d)}


  Solution 50
  -----------

      a   b   c   d   e   f   g   h 
    +---+---+---+---+---+---+---+---+
  1 | 0 | 0 | 0 | 0 | 5 | 0 | 0 | 0 | 
    +---+---+---+---+---+---+---+---+
  2 | 0 | 2 | 0 | 0 | 0 | 0 | 0 | 0 | 
    +---+---+---+---+---+---+---+---+
  3 | 0 | 0 | 0 | 4 | 0 | 0 | 0 | 0 | 
    +---+---+---+---+---+---+---+---+
  4 | 0 | 0 | 0 | 0 | 0 | 6 | 0 | 0 | 
    +---+---+---+---+---+---+---+---+
  5 | 0 | 0 | 0 | 0 | 0 | 0 | 0 | 8 | 
    +---+---+---+---+---+---+---+---+
  6 | 0 | 0 | 3 | 0 | 0 | 0 | 0 | 0 | 
    +---+---+---+---+---+---+---+---+
  7 | 1 | 0 | 0 | 0 | 0 | 0 | 0 | 0 | 
    +---+---+---+---+---+---+---+---+
  8 | 0 | 0 | 0 | 0 | 0 | 0 | 7 | 0 | 
    +---+---+---+---+---+---+---+---+

  Queen Coordinates = {(1, e), (2, b), (3, d), (4, f), (5, h), (6, c), (7, a), (8, g)}


  Solution 51
  -----------

      a   b   c   d   e   f   g   h 
    +---+---+---+---+---+---+---+---+
  1 | 0 | 0 | 0 | 0 | 5 | 0 | 0 | 0 | 
    +---+---+---+---+---+---+---+---+
  2 | 0 | 2 | 0 | 0 | 0 | 0 | 0 | 0 | 
    +---+---+---+---+---+---+---+---+
  3 | 0 | 0 | 0 | 4 | 0 | 0 | 0 | 0 | 
    +---+---+---+---+---+---+---+---+
  4 | 0 | 0 | 0 | 0 | 0 | 0 | 7 | 0 | 
    +---+---+---+---+---+---+---+---+
  5 | 0 | 0 | 3 | 0 | 0 | 0 | 0 | 0 | 
    +---+---+---+---+---+---+---+---+
  6 | 0 | 0 | 0 | 0 | 0 | 0 | 0 | 8 | 
    +---+---+---+---+---+---+---+---+
  7 | 0 | 0 | 0 | 0 | 0 | 6 | 0 | 0 | 
    +---+---+---+---+---+---+---+---+
  8 | 1 | 0 | 0 | 0 | 0 | 0 | 0 | 0 | 
    +---+---+---+---+---+---+---+---+

  Queen Coordinates = {(1, e), (2, b), (3, d), (4, g), (5, c), (6, h), (7, f), (8, a)}


  Solution 52
  -----------

      a   b   c   d   e   f   g   h 
    +---+---+---+---+---+---+---+---+
  1 | 0 | 0 | 0 | 0 | 5 | 0 | 0 | 0 | 
    +---+---+---+---+---+---+---+---+
  2 | 0 | 2 | 0 | 0 | 0 | 0 | 0 | 0 | 
    +---+---+---+---+---+---+---+---+
  3 | 0 | 0 | 0 | 0 | 0 | 6 | 0 | 0 | 
    +---+---+---+---+---+---+---+---+
  4 | 1 | 0 | 0 | 0 | 0 | 0 | 0 | 0 | 
    +---+---+---+---+---+---+---+---+
  5 | 0 | 0 | 0 | 0 | 0 | 0 | 7 | 0 | 
    +---+---+---+---+---+---+---+---+
  6 | 0 | 0 | 0 | 4 | 0 | 0 | 0 | 0 | 
    +---+---+---+---+---+---+---+---+
  7 | 0 | 0 | 0 | 0 | 0 | 0 | 0 | 8 | 
    +---+---+---+---+---+---+---+---+
  8 | 0 | 0 | 3 | 0 | 0 | 0 | 0 | 0 | 
    +---+---+---+---+---+---+---+---+

  Queen Coordinates = {(1, e), (2, b), (3, f), (4, a), (5, g), (6, d), (7, h), (8, c)}


  Solution 53
  -----------

      a   b   c   d   e   f   g   h 
    +---+---+---+---+---+---+---+---+
  1 | 0 | 0 | 0 | 0 | 5 | 0 | 0 | 0 | 
    +---+---+---+---+---+---+---+---+
  2 | 0 | 2 | 0 | 0 | 0 | 0 | 0 | 0 | 
    +---+---+---+---+---+---+---+---+
  3 | 0 | 0 | 0 | 0 | 0 | 0 | 0 | 8 | 
    +---+---+---+---+---+---+---+---+
  4 | 1 | 0 | 0 | 0 | 0 | 0 | 0 | 0 | 
    +---+---+---+---+---+---+---+---+
  5 | 0 | 0 | 0 | 4 | 0 | 0 | 0 | 0 | 
    +---+---+---+---+---+---+---+---+
  6 | 0 | 0 | 0 | 0 | 0 | 0 | 7 | 0 | 
    +---+---+---+---+---+---+---+---+
  7 | 0 | 0 | 3 | 0 | 0 | 0 | 0 | 0 | 
    +---+---+---+---+---+---+---+---+
  8 | 0 | 0 | 0 | 0 | 0 | 6 | 0 | 0 | 
    +---+---+---+---+---+---+---+---+

  Queen Coordinates = {(1, e), (2, b), (3, h), (4, a), (5, d), (6, g), (7, c), (8, f)}


  Solution 54
  -----------

      a   b   c   d   e   f   g   h 
    +---+---+---+---+---+---+---+---+
  1 | 0 | 0 | 0 | 0 | 5 | 0 | 0 | 0 | 
    +---+---+---+---+---+---+---+---+
  2 | 0 | 0 | 3 | 0 | 0 | 0 | 0 | 0 | 
    +---+---+---+---+---+---+---+---+
  3 | 1 | 0 | 0 | 0 | 0 | 0 | 0 | 0 | 
    +---+---+---+---+---+---+---+---+
  4 | 0 | 0 | 0 | 0 | 0 | 6 | 0 | 0 | 
    +---+---+---+---+---+---+---+---+
  5 | 0 | 0 | 0 | 0 | 0 | 0 | 0 | 8 | 
    +---+---+---+---+---+---+---+---+
  6 | 0 | 2 | 0 | 0 | 0 | 0 | 0 | 0 | 
    +---+---+---+---+---+---+---+---+
  7 | 0 | 0 | 0 | 4 | 0 | 0 | 0 | 0 | 
    +---+---+---+---+---+---+---+---+
  8 | 0 | 0 | 0 | 0 | 0 | 0 | 7 | 0 | 
    +---+---+---+---+---+---+---+---+

  Queen Coordinates = {(1, e), (2, c), (3, a), (4, f), (5, h), (6, b), (7, d), (8, g)}


  Solution 55
  -----------

      a   b   c   d   e   f   g   h 
    +---+---+---+---+---+---+---+---+
  1 | 0 | 0 | 0 | 0 | 5 | 0 | 0 | 0 | 
    +---+---+---+---+---+---+---+---+
  2 | 0 | 0 | 3 | 0 | 0 | 0 | 0 | 0 | 
    +---+---+---+---+---+---+---+---+
  3 | 1 | 0 | 0 | 0 | 0 | 0 | 0 | 0 | 
    +---+---+---+---+---+---+---+---+
  4 | 0 | 0 | 0 | 0 | 0 | 0 | 7 | 0 | 
    +---+---+---+---+---+---+---+---+
  5 | 0 | 2 | 0 | 0 | 0 | 0 | 0 | 0 | 
    +---+---+---+---+---+---+---+---+
  6 | 0 | 0 | 0 | 0 | 0 | 0 | 0 | 8 | 
    +---+---+---+---+---+---+---+---+
  7 | 0 | 0 | 0 | 0 | 0 | 6 | 0 | 0 | 
    +---+---+---+---+---+---+---+---+
  8 | 0 | 0 | 0 | 4 | 0 | 0 | 0 | 0 | 
    +---+---+---+---+---+---+---+---+

  Queen Coordinates = {(1, e), (2, c), (3, a), (4, g), (5, b), (6, h), (7, f), (8, d)}


  Solution 56
  -----------

      a   b   c   d   e   f   g   h 
    +---+---+---+---+---+---+---+---+
  1 | 0 | 0 | 0 | 0 | 5 | 0 | 0 | 0 | 
    +---+---+---+---+---+---+---+---+
  2 | 0 | 0 | 3 | 0 | 0 | 0 | 0 | 0 | 
    +---+---+---+---+---+---+---+---+
  3 | 0 | 0 | 0 | 0 | 0 | 0 | 0 | 8 | 
    +---+---+---+---+---+---+---+---+
  4 | 0 | 0 | 0 | 4 | 0 | 0 | 0 | 0 | 
    +---+---+---+---+---+---+---+---+
  5 | 0 | 0 | 0 | 0 | 0 | 0 | 7 | 0 | 
    +---+---+---+---+---+---+---+---+
  6 | 1 | 0 | 0 | 0 | 0 | 0 | 0 | 0 | 
    +---+---+---+---+---+---+---+---+
  7 | 0 | 0 | 0 | 0 | 0 | 6 | 0 | 0 | 
    +---+---+---+---+---+---+---+---+
  8 | 0 | 2 | 0 | 0 | 0 | 0 | 0 | 0 | 
    +---+---+---+---+---+---+---+---+

  Queen Coordinates = {(1, e), (2, c), (3, h), (4, d), (5, g), (6, a), (7, f), (8, b)}


  Solution 57
  -----------

      a   b   c   d   e   f   g   h 
    +---+---+---+---+---+---+---+---+
  1 | 0 | 0 | 0 | 0 | 5 | 0 | 0 | 0 | 
    +---+---+---+---+---+---+---+---+
  2 | 0 | 0 | 0 | 0 | 0 | 0 | 7 | 0 | 
    +---+---+---+---+---+---+---+---+
  3 | 1 | 0 | 0 | 0 | 0 | 0 | 0 | 0 | 
    +---+---+---+---+---+---+---+---+
  4 | 0 | 0 | 3 | 0 | 0 | 0 | 0 | 0 | 
    +---+---+---+---+---+---+---+---+
  5 | 0 | 0 | 0 | 0 | 0 | 0 | 0 | 8 | 
    +---+---+---+---+---+---+---+---+
  6 | 0 | 0 | 0 | 0 | 0 | 6 | 0 | 0 | 
    +---+---+---+---+---+---+---+---+
  7 | 0 | 0 | 0 | 4 | 0 | 0 | 0 | 0 | 
    +---+---+---+---+---+---+---+---+
  8 | 0 | 2 | 0 | 0 | 0 | 0 | 0 | 0 | 
    +---+---+---+---+---+---+---+---+

  Queen Coordinates = {(1, e), (2, g), (3, a), (4, c), (5, h), (6, f), (7, d), (8, b)}


  Solution 58
  -----------

      a   b   c   d   e   f   g   h 
    +---+---+---+---+---+---+---+---+
  1 | 0 | 0 | 0 | 0 | 5 | 0 | 0 | 0 | 
    +---+---+---+---+---+---+---+---+
  2 | 0 | 0 | 0 | 0 | 0 | 0 | 7 | 0 | 
    +---+---+---+---+---+---+---+---+
  3 | 1 | 0 | 0 | 0 | 0 | 0 | 0 | 0 | 
    +---+---+---+---+---+---+---+---+
  4 | 0 | 0 | 0 | 4 | 0 | 0 | 0 | 0 | 
    +---+---+---+---+---+---+---+---+
  5 | 0 | 2 | 0 | 0 | 0 | 0 | 0 | 0 | 
    +---+---+---+---+---+---+---+---+
  6 | 0 | 0 | 0 | 0 | 0 | 0 | 0 | 8 | 
    +---+---+---+---+---+---+---+---+
  7 | 0 | 0 | 0 | 0 | 0 | 6 | 0 | 0 | 
    +---+---+---+---+---+---+---+---+
  8 | 0 | 0 | 3 | 0 | 0 | 0 | 0 | 0 | 
    +---+---+---+---+---+---+---+---+

  Queen Coordinates = {(1, e), (2, g), (3, a), (4, d), (5, b), (6, h), (7, f), (8, c)}


  Solution 59
  -----------

      a   b   c   d   e   f   g   h 
    +---+---+---+---+---+---+---+---+
  1 | 0 | 0 | 0 | 0 | 5 | 0 | 0 | 0 | 
    +---+---+---+---+---+---+---+---+
  2 | 0 | 0 | 0 | 0 | 0 | 0 | 7 | 0 | 
    +---+---+---+---+---+---+---+---+
  3 | 0 | 2 | 0 | 0 | 0 | 0 | 0 | 0 | 
    +---+---+---+---+---+---+---+---+
  4 | 0 | 0 | 0 | 4 | 0 | 0 | 0 | 0 | 
    +---+---+---+---+---+---+---+---+
  5 | 0 | 0 | 0 | 0 | 0 | 0 | 0 | 8 | 
    +---+---+---+---+---+---+---+---+
  6 | 1 | 0 | 0 | 0 | 0 | 0 | 0 | 0 | 
    +---+---+---+---+---+---+---+---+
  7 | 0 | 0 | 3 | 0 | 0 | 0 | 0 | 0 | 
    +---+---+---+---+---+---+---+---+
  8 | 0 | 0 | 0 | 0 | 0 | 6 | 0 | 0 | 
    +---+---+---+---+---+---+---+---+

  Queen Coordinates = {(1, e), (2, g), (3, b), (4, d), (5, h), (6, a), (7, c), (8, f)}


  Solution 60
  -----------

      a   b   c   d   e   f   g   h 
    +---+---+---+---+---+---+---+---+
  1 | 0 | 0 | 0 | 0 | 5 | 0 | 0 | 0 | 
    +---+---+---+---+---+---+---+---+
  2 | 0 | 0 | 0 | 0 | 0 | 0 | 7 | 0 | 
    +---+---+---+---+---+---+---+---+
  3 | 0 | 2 | 0 | 0 | 0 | 0 | 0 | 0 | 
    +---+---+---+---+---+---+---+---+
  4 | 0 | 0 | 0 | 0 | 0 | 6 | 0 | 0 | 
    +---+---+---+---+---+---+---+---+
  5 | 0 | 0 | 3 | 0 | 0 | 0 | 0 | 0 | 
    +---+---+---+---+---+---+---+---+
  6 | 1 | 0 | 0 | 0 | 0 | 0 | 0 | 0 | 
    +---+---+---+---+---+---+---+---+
  7 | 0 | 0 | 0 | 4 | 0 | 0 | 0 | 0 | 
    +---+---+---+---+---+---+---+---+
  8 | 0 | 0 | 0 | 0 | 0 | 0 | 0 | 8 | 
    +---+---+---+---+---+---+---+---+

  Queen Coordinates = {(1, e), (2, g), (3, b), (4, f), (5, c), (6, a), (7, d), (8, h)}


  Solution 61
  -----------

      a   b   c   d   e   f   g   h 
    +---+---+---+---+---+---+---+---+
  1 | 0 | 0 | 0 | 0 | 5 | 0 | 0 | 0 | 
    +---+---+---+---+---+---+---+---+
  2 | 0 | 0 | 0 | 0 | 0 | 0 | 7 | 0 | 
    +---+---+---+---+---+---+---+---+
  3 | 0 | 2 | 0 | 0 | 0 | 0 | 0 | 0 | 
    +---+---+---+---+---+---+---+---+
  4 | 0 | 0 | 0 | 0 | 0 | 6 | 0 | 0 | 
    +---+---+---+---+---+---+---+---+
  5 | 0 | 0 | 3 | 0 | 0 | 0 | 0 | 0 | 
    +---+---+---+---+---+---+---+---+
  6 | 1 | 0 | 0 | 0 | 0 | 0 | 0 | 0 | 
    +---+---+---+---+---+---+---+---+
  7 | 0 | 0 | 0 | 0 | 0 | 0 | 0 | 8 | 
    +---+---+---+---+---+---+---+---+
  8 | 0 | 0 | 0 | 4 | 0 | 0 | 0 | 0 | 
    +---+---+---+---+---+---+---+---+

  Queen Coordinates = {(1, e), (2, g), (3, b), (4, f), (5, c), (6, a), (7, h), (8, d)}


  Solution 62
  -----------

      a   b   c   d   e   f   g   h 
    +---+---+---+---+---+---+---+---+
  1 | 0 | 0 | 0 | 0 | 5 | 0 | 0 | 0 | 
    +---+---+---+---+---+---+---+---+
  2 | 0 | 0 | 0 | 0 | 0 | 0 | 7 | 0 | 
    +---+---+---+---+---+---+---+---+
  3 | 0 | 0 | 0 | 4 | 0 | 0 | 0 | 0 | 
    +---+---+---+---+---+---+---+---+
  4 | 1 | 0 | 0 | 0 | 0 | 0 | 0 | 0 | 
    +---+---+---+---+---+---+---+---+
  5 | 0 | 0 | 3 | 0 | 0 | 0 | 0 | 0 | 
    +---+---+---+---+---+---+---+---+
  6 | 0 | 0 | 0 | 0 | 0 | 0 | 0 | 8 | 
    +---+---+---+---+---+---+---+---+
  7 | 0 | 0 | 0 | 0 | 0 | 6 | 0 | 0 | 
    +---+---+---+---+---+---+---+---+
  8 | 0 | 2 | 0 | 0 | 0 | 0 | 0 | 0 | 
    +---+---+---+---+---+---+---+---+

  Queen Coordinates = {(1, e), (2, g), (3, d), (4, a), (5, c), (6, h), (7, f), (8, b)}


  Solution 63
  -----------

      a   b   c   d   e   f   g   h 
    +---+---+---+---+---+---+---+---+
  1 | 0 | 0 | 0 | 0 | 5 | 0 | 0 | 0 | 
    +---+---+---+---+---+---+---+---+
  2 | 0 | 0 | 0 | 0 | 0 | 0 | 0 | 8 | 
    +---+---+---+---+---+---+---+---+
  3 | 0 | 0 | 0 | 4 | 0 | 0 | 0 | 0 | 
    +---+---+---+---+---+---+---+---+
  4 | 1 | 0 | 0 | 0 | 0 | 0 | 0 | 0 | 
    +---+---+---+---+---+---+---+---+
  5 | 0 | 0 | 3 | 0 | 0 | 0 | 0 | 0 | 
    +---+---+---+---+---+---+---+---+
  6 | 0 | 0 | 0 | 0 | 0 | 6 | 0 | 0 | 
    +---+---+---+---+---+---+---+---+
  7 | 0 | 2 | 0 | 0 | 0 | 0 | 0 | 0 | 
    +---+---+---+---+---+---+---+---+
  8 | 0 | 0 | 0 | 0 | 0 | 0 | 7 | 0 | 
    +---+---+---+---+---+---+---+---+

  Queen Coordinates = {(1, e), (2, h), (3, d), (4, a), (5, c), (6, f), (7, b), (8, g)}


  Solution 64
  -----------

      a   b   c   d   e   f   g   h 
    +---+---+---+---+---+---+---+---+
  1 | 0 | 0 | 0 | 0 | 5 | 0 | 0 | 0 | 
    +---+---+---+---+---+---+---+---+
  2 | 0 | 0 | 0 | 0 | 0 | 0 | 0 | 8 | 
    +---+---+---+---+---+---+---+---+
  3 | 0 | 0 | 0 | 4 | 0 | 0 | 0 | 0 | 
    +---+---+---+---+---+---+---+---+
  4 | 1 | 0 | 0 | 0 | 0 | 0 | 0 | 0 | 
    +---+---+---+---+---+---+---+---+
  5 | 0 | 0 | 0 | 0 | 0 | 0 | 7 | 0 | 
    +---+---+---+---+---+---+---+---+
  6 | 0 | 2 | 0 | 0 | 0 | 0 | 0 | 0 | 
    +---+---+---+---+---+---+---+---+
  7 | 0 | 0 | 0 | 0 | 0 | 6 | 0 | 0 | 
    +---+---+---+---+---+---+---+---+
  8 | 0 | 0 | 3 | 0 | 0 | 0 | 0 | 0 | 
    +---+---+---+---+---+---+---+---+

  Queen Coordinates = {(1, e), (2, h), (3, d), (4, a), (5, g), (6, b), (7, f), (8, c)}


  Solution 65
  -----------

      a   b   c   d   e   f   g   h 
    +---+---+---+---+---+---+---+---+
  1 | 0 | 0 | 0 | 0 | 0 | 6 | 0 | 0 | 
    +---+---+---+---+---+---+---+---+
  2 | 1 | 0 | 0 | 0 | 0 | 0 | 0 | 0 | 
    +---+---+---+---+---+---+---+---+
  3 | 0 | 0 | 0 | 0 | 5 | 0 | 0 | 0 | 
    +---+---+---+---+---+---+---+---+
  4 | 0 | 2 | 0 | 0 | 0 | 0 | 0 | 0 | 
    +---+---+---+---+---+---+---+---+
  5 | 0 | 0 | 0 | 0 | 0 | 0 | 0 | 8 | 
    +---+---+---+---+---+---+---+---+
  6 | 0 | 0 | 3 | 0 | 0 | 0 | 0 | 0 | 
    +---+---+---+---+---+---+---+---+
  7 | 0 | 0 | 0 | 0 | 0 | 0 | 7 | 0 | 
    +---+---+---+---+---+---+---+---+
  8 | 0 | 0 | 0 | 4 | 0 | 0 | 0 | 0 | 
    +---+---+---+---+---+---+---+---+

  Queen Coordinates = {(1, f), (2, a), (3, e), (4, b), (5, h), (6, c), (7, g), (8, d)}


  Solution 66
  -----------

      a   b   c   d   e   f   g   h 
    +---+---+---+---+---+---+---+---+
  1 | 0 | 0 | 0 | 0 | 0 | 6 | 0 | 0 | 
    +---+---+---+---+---+---+---+---+
  2 | 0 | 2 | 0 | 0 | 0 | 0 | 0 | 0 | 
    +---+---+---+---+---+---+---+---+
  3 | 0 | 0 | 0 | 0 | 0 | 0 | 7 | 0 | 
    +---+---+---+---+---+---+---+---+
  4 | 1 | 0 | 0 | 0 | 0 | 0 | 0 | 0 | 
    +---+---+---+---+---+---+---+---+
  5 | 0 | 0 | 3 | 0 | 0 | 0 | 0 | 0 | 
    +---+---+---+---+---+---+---+---+
  6 | 0 | 0 | 0 | 0 | 5 | 0 | 0 | 0 | 
    +---+---+---+---+---+---+---+---+
  7 | 0 | 0 | 0 | 0 | 0 | 0 | 0 | 8 | 
    +---+---+---+---+---+---+---+---+
  8 | 0 | 0 | 0 | 4 | 0 | 0 | 0 | 0 | 
    +---+---+---+---+---+---+---+---+

  Queen Coordinates = {(1, f), (2, b), (3, g), (4, a), (5, c), (6, e), (7, h), (8, d)}


  Solution 67
  -----------

      a   b   c   d   e   f   g   h 
    +---+---+---+---+---+---+---+---+
  1 | 0 | 0 | 0 | 0 | 0 | 6 | 0 | 0 | 
    +---+---+---+---+---+---+---+---+
  2 | 0 | 2 | 0 | 0 | 0 | 0 | 0 | 0 | 
    +---+---+---+---+---+---+---+---+
  3 | 0 | 0 | 0 | 0 | 0 | 0 | 7 | 0 | 
    +---+---+---+---+---+---+---+---+
  4 | 1 | 0 | 0 | 0 | 0 | 0 | 0 | 0 | 
    +---+---+---+---+---+---+---+---+
  5 | 0 | 0 | 0 | 4 | 0 | 0 | 0 | 0 | 
    +---+---+---+---+---+---+---+---+
  6 | 0 | 0 | 0 | 0 | 0 | 0 | 0 | 8 | 
    +---+---+---+---+---+---+---+---+
  7 | 0 | 0 | 0 | 0 | 5 | 0 | 0 | 0 | 
    +---+---+---+---+---+---+---+---+
  8 | 0 | 0 | 3 | 0 | 0 | 0 | 0 | 0 | 
    +---+---+---+---+---+---+---+---+

  Queen Coordinates = {(1, f), (2, b), (3, g), (4, a), (5, d), (6, h), (7, e), (8, c)}


  Solution 68
  -----------

      a   b   c   d   e   f   g   h 
    +---+---+---+---+---+---+---+---+
  1 | 0 | 0 | 0 | 0 | 0 | 6 | 0 | 0 | 
    +---+---+---+---+---+---+---+---+
  2 | 0 | 0 | 3 | 0 | 0 | 0 | 0 | 0 | 
    +---+---+---+---+---+---+---+---+
  3 | 1 | 0 | 0 | 0 | 0 | 0 | 0 | 0 | 
    +---+---+---+---+---+---+---+---+
  4 | 0 | 0 | 0 | 0 | 0 | 0 | 7 | 0 | 
    +---+---+---+---+---+---+---+---+
  5 | 0 | 0 | 0 | 0 | 5 | 0 | 0 | 0 | 
    +---+---+---+---+---+---+---+---+
  6 | 0 | 0 | 0 | 0 | 0 | 0 | 0 | 8 | 
    +---+---+---+---+---+---+---+---+
  7 | 0 | 2 | 0 | 0 | 0 | 0 | 0 | 0 | 
    +---+---+---+---+---+---+---+---+
  8 | 0 | 0 | 0 | 4 | 0 | 0 | 0 | 0 | 
    +---+---+---+---+---+---+---+---+

  Queen Coordinates = {(1, f), (2, c), (3, a), (4, g), (5, e), (6, h), (7, b), (8, d)}


  Solution 69
  -----------

      a   b   c   d   e   f   g   h 
    +---+---+---+---+---+---+---+---+
  1 | 0 | 0 | 0 | 0 | 0 | 6 | 0 | 0 | 
    +---+---+---+---+---+---+---+---+
  2 | 0 | 0 | 3 | 0 | 0 | 0 | 0 | 0 | 
    +---+---+---+---+---+---+---+---+
  3 | 1 | 0 | 0 | 0 | 0 | 0 | 0 | 0 | 
    +---+---+---+---+---+---+---+---+
  4 | 0 | 0 | 0 | 0 | 0 | 0 | 0 | 8 | 
    +---+---+---+---+---+---+---+---+
  5 | 0 | 0 | 0 | 4 | 0 | 0 | 0 | 0 | 
    +---+---+---+---+---+---+---+---+
  6 | 0 | 2 | 0 | 0 | 0 | 0 | 0 | 0 | 
    +---+---+---+---+---+---+---+---+
  7 | 0 | 0 | 0 | 0 | 0 | 0 | 7 | 0 | 
    +---+---+---+---+---+---+---+---+
  8 | 0 | 0 | 0 | 0 | 5 | 0 | 0 | 0 | 
    +---+---+---+---+---+---+---+---+

  Queen Coordinates = {(1, f), (2, c), (3, a), (4, h), (5, d), (6, b), (7, g), (8, e)}


  Solution 70
  -----------

      a   b   c   d   e   f   g   h 
    +---+---+---+---+---+---+---+---+
  1 | 0 | 0 | 0 | 0 | 0 | 6 | 0 | 0 | 
    +---+---+---+---+---+---+---+---+
  2 | 0 | 0 | 3 | 0 | 0 | 0 | 0 | 0 | 
    +---+---+---+---+---+---+---+---+
  3 | 1 | 0 | 0 | 0 | 0 | 0 | 0 | 0 | 
    +---+---+---+---+---+---+---+---+
  4 | 0 | 0 | 0 | 0 | 0 | 0 | 0 | 8 | 
    +---+---+---+---+---+---+---+---+
  5 | 0 | 0 | 0 | 0 | 5 | 0 | 0 | 0 | 
    +---+---+---+---+---+---+---+---+
  6 | 0 | 2 | 0 | 0 | 0 | 0 | 0 | 0 | 
    +---+---+---+---+---+---+---+---+
  7 | 0 | 0 | 0 | 4 | 0 | 0 | 0 | 0 | 
    +---+---+---+---+---+---+---+---+
  8 | 0 | 0 | 0 | 0 | 0 | 0 | 7 | 0 | 
    +---+---+---+---+---+---+---+---+

  Queen Coordinates = {(1, f), (2, c), (3, a), (4, h), (5, e), (6, b), (7, d), (8, g)}


  Solution 71
  -----------

      a   b   c   d   e   f   g   h 
    +---+---+---+---+---+---+---+---+
  1 | 0 | 0 | 0 | 0 | 0 | 6 | 0 | 0 | 
    +---+---+---+---+---+---+---+---+
  2 | 0 | 0 | 3 | 0 | 0 | 0 | 0 | 0 | 
    +---+---+---+---+---+---+---+---+
  3 | 0 | 0 | 0 | 0 | 5 | 0 | 0 | 0 | 
    +---+---+---+---+---+---+---+---+
  4 | 0 | 0 | 0 | 0 | 0 | 0 | 7 | 0 | 
    +---+---+---+---+---+---+---+---+
  5 | 1 | 0 | 0 | 0 | 0 | 0 | 0 | 0 | 
    +---+---+---+---+---+---+---+---+
  6 | 0 | 0 | 0 | 4 | 0 | 0 | 0 | 0 | 
    +---+---+---+---+---+---+---+---+
  7 | 0 | 2 | 0 | 0 | 0 | 0 | 0 | 0 | 
    +---+---+---+---+---+---+---+---+
  8 | 0 | 0 | 0 | 0 | 0 | 0 | 0 | 8 | 
    +---+---+---+---+---+---+---+---+

  Queen Coordinates = {(1, f), (2, c), (3, e), (4, g), (5, a), (6, d), (7, b), (8, h)}


  Solution 72
  -----------

      a   b   c   d   e   f   g   h 
    +---+---+---+---+---+---+---+---+
  1 | 0 | 0 | 0 | 0 | 0 | 6 | 0 | 0 | 
    +---+---+---+---+---+---+---+---+
  2 | 0 | 0 | 3 | 0 | 0 | 0 | 0 | 0 | 
    +---+---+---+---+---+---+---+---+
  3 | 0 | 0 | 0 | 0 | 5 | 0 | 0 | 0 | 
    +---+---+---+---+---+---+---+---+
  4 | 0 | 0 | 0 | 0 | 0 | 0 | 0 | 8 | 
    +---+---+---+---+---+---+---+---+
  5 | 1 | 0 | 0 | 0 | 0 | 0 | 0 | 0 | 
    +---+---+---+---+---+---+---+---+
  6 | 0 | 0 | 0 | 4 | 0 | 0 | 0 | 0 | 
    +---+---+---+---+---+---+---+---+
  7 | 0 | 2 | 0 | 0 | 0 | 0 | 0 | 0 | 
    +---+---+---+---+---+---+---+---+
  8 | 0 | 0 | 0 | 0 | 0 | 0 | 7 | 0 | 
    +---+---+---+---+---+---+---+---+

  Queen Coordinates = {(1, f), (2, c), (3, e), (4, h), (5, a), (6, d), (7, b), (8, g)}


  Solution 73
  -----------

      a   b   c   d   e   f   g   h 
    +---+---+---+---+---+---+---+---+
  1 | 0 | 0 | 0 | 0 | 0 | 6 | 0 | 0 | 
    +---+---+---+---+---+---+---+---+
  2 | 0 | 0 | 3 | 0 | 0 | 0 | 0 | 0 | 
    +---+---+---+---+---+---+---+---+
  3 | 0 | 0 | 0 | 0 | 0 | 0 | 7 | 0 | 
    +---+---+---+---+---+---+---+---+
  4 | 0 | 2 | 0 | 0 | 0 | 0 | 0 | 0 | 
    +---+---+---+---+---+---+---+---+
  5 | 0 | 0 | 0 | 4 | 0 | 0 | 0 | 0 | 
    +---+---+---+---+---+---+---+---+
  6 | 0 | 0 | 0 | 0 | 0 | 0 | 0 | 8 | 
    +---+---+---+---+---+---+---+---+
  7 | 1 | 0 | 0 | 0 | 0 | 0 | 0 | 0 | 
    +---+---+---+---+---+---+---+---+
  8 | 0 | 0 | 0 | 0 | 5 | 0 | 0 | 0 | 
    +---+---+---+---+---+---+---+---+

  Queen Coordinates = {(1, f), (2, c), (3, g), (4, b), (5, d), (6, h), (7, a), (8, e)}


  Solution 74
  -----------

      a   b   c   d   e   f   g   h 
    +---+---+---+---+---+---+---+---+
  1 | 0 | 0 | 0 | 0 | 0 | 6 | 0 | 0 | 
    +---+---+---+---+---+---+---+---+
  2 | 0 | 0 | 3 | 0 | 0 | 0 | 0 | 0 | 
    +---+---+---+---+---+---+---+---+
  3 | 0 | 0 | 0 | 0 | 0 | 0 | 7 | 0 | 
    +---+---+---+---+---+---+---+---+
  4 | 0 | 2 | 0 | 0 | 0 | 0 | 0 | 0 | 
    +---+---+---+---+---+---+---+---+
  5 | 0 | 0 | 0 | 0 | 0 | 0 | 0 | 8 | 
    +---+---+---+---+---+---+---+---+
  6 | 0 | 0 | 0 | 0 | 5 | 0 | 0 | 0 | 
    +---+---+---+---+---+---+---+---+
  7 | 1 | 0 | 0 | 0 | 0 | 0 | 0 | 0 | 
    +---+---+---+---+---+---+---+---+
  8 | 0 | 0 | 0 | 4 | 0 | 0 | 0 | 0 | 
    +---+---+---+---+---+---+---+---+

  Queen Coordinates = {(1, f), (2, c), (3, g), (4, b), (5, h), (6, e), (7, a), (8, d)}


  Solution 75
  -----------

      a   b   c   d   e   f   g   h 
    +---+---+---+---+---+---+---+---+
  1 | 0 | 0 | 0 | 0 | 0 | 6 | 0 | 0 | 
    +---+---+---+---+---+---+---+---+
  2 | 0 | 0 | 3 | 0 | 0 | 0 | 0 | 0 | 
    +---+---+---+---+---+---+---+---+
  3 | 0 | 0 | 0 | 0 | 0 | 0 | 7 | 0 | 
    +---+---+---+---+---+---+---+---+
  4 | 0 | 0 | 0 | 4 | 0 | 0 | 0 | 0 | 
    +---+---+---+---+---+---+---+---+
  5 | 1 | 0 | 0 | 0 | 0 | 0 | 0 | 0 | 
    +---+---+---+---+---+---+---+---+
  6 | 0 | 0 | 0 | 0 | 0 | 0 | 0 | 8 | 
    +---+---+---+---+---+---+---+---+
  7 | 0 | 2 | 0 | 0 | 0 | 0 | 0 | 0 | 
    +---+---+---+---+---+---+---+---+
  8 | 0 | 0 | 0 | 0 | 5 | 0 | 0 | 0 | 
    +---+---+---+---+---+---+---+---+

  Queen Coordinates = {(1, f), (2, c), (3, g), (4, d), (5, a), (6, h), (7, b), (8, e)}


  Solution 76
  -----------

      a   b   c   d   e   f   g   h 
    +---+---+---+---+---+---+---+---+
  1 | 0 | 0 | 0 | 0 | 0 | 6 | 0 | 0 | 
    +---+---+---+---+---+---+---+---+
  2 | 0 | 0 | 0 | 4 | 0 | 0 | 0 | 0 | 
    +---+---+---+---+---+---+---+---+
  3 | 1 | 0 | 0 | 0 | 0 | 0 | 0 | 0 | 
    +---+---+---+---+---+---+---+---+
  4 | 0 | 0 | 0 | 0 | 5 | 0 | 0 | 0 | 
    +---+---+---+---+---+---+---+---+
  5 | 0 | 0 | 0 | 0 | 0 | 0 | 0 | 8 | 
    +---+---+---+---+---+---+---+---+
  6 | 0 | 2 | 0 | 0 | 0 | 0 | 0 | 0 | 
    +---+---+---+---+---+---+---+---+
  7 | 0 | 0 | 0 | 0 | 0 | 0 | 7 | 0 | 
    +---+---+---+---+---+---+---+---+
  8 | 0 | 0 | 3 | 0 | 0 | 0 | 0 | 0 | 
    +---+---+---+---+---+---+---+---+

  Queen Coordinates = {(1, f), (2, d), (3, a), (4, e), (5, h), (6, b), (7, g), (8, c)}


  Solution 77
  -----------

      a   b   c   d   e   f   g   h 
    +---+---+---+---+---+---+---+---+
  1 | 0 | 0 | 0 | 0 | 0 | 6 | 0 | 0 | 
    +---+---+---+---+---+---+---+---+
  2 | 0 | 0 | 0 | 4 | 0 | 0 | 0 | 0 | 
    +---+---+---+---+---+---+---+---+
  3 | 0 | 2 | 0 | 0 | 0 | 0 | 0 | 0 | 
    +---+---+---+---+---+---+---+---+
  4 | 0 | 0 | 0 | 0 | 0 | 0 | 0 | 8 | 
    +---+---+---+---+---+---+---+---+
  5 | 0 | 0 | 0 | 0 | 5 | 0 | 0 | 0 | 
    +---+---+---+---+---+---+---+---+
  6 | 0 | 0 | 0 | 0 | 0 | 0 | 7 | 0 | 
    +---+---+---+---+---+---+---+---+
  7 | 1 | 0 | 0 | 0 | 0 | 0 | 0 | 0 | 
    +---+---+---+---+---+---+---+---+
  8 | 0 | 0 | 3 | 0 | 0 | 0 | 0 | 0 | 
    +---+---+---+---+---+---+---+---+

  Queen Coordinates = {(1, f), (2, d), (3, b), (4, h), (5, e), (6, g), (7, a), (8, c)}


  Solution 78
  -----------

      a   b   c   d   e   f   g   h 
    +---+---+---+---+---+---+---+---+
  1 | 0 | 0 | 0 | 0 | 0 | 6 | 0 | 0 | 
    +---+---+---+---+---+---+---+---+
  2 | 0 | 0 | 0 | 4 | 0 | 0 | 0 | 0 | 
    +---+---+---+---+---+---+---+---+
  3 | 0 | 0 | 0 | 0 | 0 | 0 | 7 | 0 | 
    +---+---+---+---+---+---+---+---+
  4 | 1 | 0 | 0 | 0 | 0 | 0 | 0 | 0 | 
    +---+---+---+---+---+---+---+---+
  5 | 0 | 0 | 3 | 0 | 0 | 0 | 0 | 0 | 
    +---+---+---+---+---+---+---+---+
  6 | 0 | 0 | 0 | 0 | 5 | 0 | 0 | 0 | 
    +---+---+---+---+---+---+---+---+
  7 | 0 | 2 | 0 | 0 | 0 | 0 | 0 | 0 | 
    +---+---+---+---+---+---+---+---+
  8 | 0 | 0 | 0 | 0 | 0 | 0 | 0 | 8 | 
    +---+---+---+---+---+---+---+---+

  Queen Coordinates = {(1, f), (2, d), (3, g), (4, a), (5, c), (6, e), (7, b), (8, h)}


  Solution 79
  -----------

      a   b   c   d   e   f   g   h 
    +---+---+---+---+---+---+---+---+
  1 | 0 | 0 | 0 | 0 | 0 | 6 | 0 | 0 | 
    +---+---+---+---+---+---+---+---+
  2 | 0 | 0 | 0 | 4 | 0 | 0 | 0 | 0 | 
    +---+---+---+---+---+---+---+---+
  3 | 0 | 0 | 0 | 0 | 0 | 0 | 7 | 0 | 
    +---+---+---+---+---+---+---+---+
  4 | 1 | 0 | 0 | 0 | 0 | 0 | 0 | 0 | 
    +---+---+---+---+---+---+---+---+
  5 | 0 | 0 | 0 | 0 | 0 | 0 | 0 | 8 | 
    +---+---+---+---+---+---+---+---+
  6 | 0 | 2 | 0 | 0 | 0 | 0 | 0 | 0 | 
    +---+---+---+---+---+---+---+---+
  7 | 0 | 0 | 0 | 0 | 5 | 0 | 0 | 0 | 
    +---+---+---+---+---+---+---+---+
  8 | 0 | 0 | 3 | 0 | 0 | 0 | 0 | 0 | 
    +---+---+---+---+---+---+---+---+

  Queen Coordinates = {(1, f), (2, d), (3, g), (4, a), (5, h), (6, b), (7, e), (8, c)}


  Solution 80
  -----------

      a   b   c   d   e   f   g   h 
    +---+---+---+---+---+---+---+---+
  1 | 0 | 0 | 0 | 0 | 0 | 6 | 0 | 0 | 
    +---+---+---+---+---+---+---+---+
  2 | 0 | 0 | 0 | 0 | 0 | 0 | 0 | 8 | 
    +---+---+---+---+---+---+---+---+
  3 | 0 | 2 | 0 | 0 | 0 | 0 | 0 | 0 | 
    +---+---+---+---+---+---+---+---+
  4 | 0 | 0 | 0 | 4 | 0 | 0 | 0 | 0 | 
    +---+---+---+---+---+---+---+---+
  5 | 1 | 0 | 0 | 0 | 0 | 0 | 0 | 0 | 
    +---+---+---+---+---+---+---+---+
  6 | 0 | 0 | 0 | 0 | 0 | 0 | 7 | 0 | 
    +---+---+---+---+---+---+---+---+
  7 | 0 | 0 | 0 | 0 | 5 | 0 | 0 | 0 | 
    +---+---+---+---+---+---+---+---+
  8 | 0 | 0 | 3 | 0 | 0 | 0 | 0 | 0 | 
    +---+---+---+---+---+---+---+---+

  Queen Coordinates = {(1, f), (2, h), (3, b), (4, d), (5, a), (6, g), (7, e), (8, c)}


  Solution 81
  -----------

      a   b   c   d   e   f   g   h 
    +---+---+---+---+---+---+---+---+
  1 | 0 | 0 | 0 | 0 | 0 | 0 | 7 | 0 | 
    +---+---+---+---+---+---+---+---+
  2 | 1 | 0 | 0 | 0 | 0 | 0 | 0 | 0 | 
    +---+---+---+---+---+---+---+---+
  3 | 0 | 0 | 3 | 0 | 0 | 0 | 0 | 0 | 
    +---+---+---+---+---+---+---+---+
  4 | 0 | 0 | 0 | 0 | 0 | 0 | 0 | 8 | 
    +---+---+---+---+---+---+---+---+
  5 | 0 | 0 | 0 | 0 | 0 | 6 | 0 | 0 | 
    +---+---+---+---+---+---+---+---+
  6 | 0 | 0 | 0 | 4 | 0 | 0 | 0 | 0 | 
    +---+---+---+---+---+---+---+---+
  7 | 0 | 2 | 0 | 0 | 0 | 0 | 0 | 0 | 
    +---+---+---+---+---+---+---+---+
  8 | 0 | 0 | 0 | 0 | 5 | 0 | 0 | 0 | 
    +---+---+---+---+---+---+---+---+

  Queen Coordinates = {(1, g), (2, a), (3, c), (4, h), (5, f), (6, d), (7, b), (8, e)}


  Solution 82
  -----------

      a   b   c   d   e   f   g   h 
    +---+---+---+---+---+---+---+---+
  1 | 0 | 0 | 0 | 0 | 0 | 0 | 7 | 0 | 
    +---+---+---+---+---+---+---+---+
  2 | 0 | 2 | 0 | 0 | 0 | 0 | 0 | 0 | 
    +---+---+---+---+---+---+---+---+
  3 | 0 | 0 | 0 | 4 | 0 | 0 | 0 | 0 | 
    +---+---+---+---+---+---+---+---+
  4 | 1 | 0 | 0 | 0 | 0 | 0 | 0 | 0 | 
    +---+---+---+---+---+---+---+---+
  5 | 0 | 0 | 0 | 0 | 0 | 0 | 0 | 8 | 
    +---+---+---+---+---+---+---+---+
  6 | 0 | 0 | 0 | 0 | 5 | 0 | 0 | 0 | 
    +---+---+---+---+---+---+---+---+
  7 | 0 | 0 | 3 | 0 | 0 | 0 | 0 | 0 | 
    +---+---+---+---+---+---+---+---+
  8 | 0 | 0 | 0 | 0 | 0 | 6 | 0 | 0 | 
    +---+---+---+---+---+---+---+---+

  Queen Coordinates = {(1, g), (2, b), (3, d), (4, a), (5, h), (6, e), (7, c), (8, f)}


  Solution 83
  -----------

      a   b   c   d   e   f   g   h 
    +---+---+---+---+---+---+---+---+
  1 | 0 | 0 | 0 | 0 | 0 | 0 | 7 | 0 | 
    +---+---+---+---+---+---+---+---+
  2 | 0 | 2 | 0 | 0 | 0 | 0 | 0 | 0 | 
    +---+---+---+---+---+---+---+---+
  3 | 0 | 0 | 0 | 0 | 0 | 6 | 0 | 0 | 
    +---+---+---+---+---+---+---+---+
  4 | 0 | 0 | 3 | 0 | 0 | 0 | 0 | 0 | 
    +---+---+---+---+---+---+---+---+
  5 | 1 | 0 | 0 | 0 | 0 | 0 | 0 | 0 | 
    +---+---+---+---+---+---+---+---+
  6 | 0 | 0 | 0 | 4 | 0 | 0 | 0 | 0 | 
    +---+---+---+---+---+---+---+---+
  7 | 0 | 0 | 0 | 0 | 0 | 0 | 0 | 8 | 
    +---+---+---+---+---+---+---+---+
  8 | 0 | 0 | 0 | 0 | 5 | 0 | 0 | 0 | 
    +---+---+---+---+---+---+---+---+

  Queen Coordinates = {(1, g), (2, b), (3, f), (4, c), (5, a), (6, d), (7, h), (8, e)}


  Solution 84
  -----------

      a   b   c   d   e   f   g   h 
    +---+---+---+---+---+---+---+---+
  1 | 0 | 0 | 0 | 0 | 0 | 0 | 7 | 0 | 
    +---+---+---+---+---+---+---+---+
  2 | 0 | 0 | 3 | 0 | 0 | 0 | 0 | 0 | 
    +---+---+---+---+---+---+---+---+
  3 | 1 | 0 | 0 | 0 | 0 | 0 | 0 | 0 | 
    +---+---+---+---+---+---+---+---+
  4 | 0 | 0 | 0 | 0 | 0 | 6 | 0 | 0 | 
    +---+---+---+---+---+---+---+---+
  5 | 0 | 0 | 0 | 0 | 0 | 0 | 0 | 8 | 
    +---+---+---+---+---+---+---+---+
  6 | 0 | 0 | 0 | 0 | 5 | 0 | 0 | 0 | 
    +---+---+---+---+---+---+---+---+
  7 | 0 | 2 | 0 | 0 | 0 | 0 | 0 | 0 | 
    +---+---+---+---+---+---+---+---+
  8 | 0 | 0 | 0 | 4 | 0 | 0 | 0 | 0 | 
    +---+---+---+---+---+---+---+---+

  Queen Coordinates = {(1, g), (2, c), (3, a), (4, f), (5, h), (6, e), (7, b), (8, d)}


  Solution 85
  -----------

      a   b   c   d   e   f   g   h 
    +---+---+---+---+---+---+---+---+
  1 | 0 | 0 | 0 | 0 | 0 | 0 | 7 | 0 | 
    +---+---+---+---+---+---+---+---+
  2 | 0 | 0 | 3 | 0 | 0 | 0 | 0 | 0 | 
    +---+---+---+---+---+---+---+---+
  3 | 0 | 0 | 0 | 0 | 0 | 0 | 0 | 8 | 
    +---+---+---+---+---+---+---+---+
  4 | 0 | 2 | 0 | 0 | 0 | 0 | 0 | 0 | 
    +---+---+---+---+---+---+---+---+
  5 | 0 | 0 | 0 | 0 | 5 | 0 | 0 | 0 | 
    +---+---+---+---+---+---+---+---+
  6 | 1 | 0 | 0 | 0 | 0 | 0 | 0 | 0 | 
    +---+---+---+---+---+---+---+---+
  7 | 0 | 0 | 0 | 0 | 0 | 6 | 0 | 0 | 
    +---+---+---+---+---+---+---+---+
  8 | 0 | 0 | 0 | 4 | 0 | 0 | 0 | 0 | 
    +---+---+---+---+---+---+---+---+

  Queen Coordinates = {(1, g), (2, c), (3, h), (4, b), (5, e), (6, a), (7, f), (8, d)}


  Solution 86
  -----------

      a   b   c   d   e   f   g   h 
    +---+---+---+---+---+---+---+---+
  1 | 0 | 0 | 0 | 0 | 0 | 0 | 7 | 0 | 
    +---+---+---+---+---+---+---+---+
  2 | 0 | 0 | 0 | 4 | 0 | 0 | 0 | 0 | 
    +---+---+---+---+---+---+---+---+
  3 | 0 | 2 | 0 | 0 | 0 | 0 | 0 | 0 | 
    +---+---+---+---+---+---+---+---+
  4 | 0 | 0 | 0 | 0 | 5 | 0 | 0 | 0 | 
    +---+---+---+---+---+---+---+---+
  5 | 0 | 0 | 0 | 0 | 0 | 0 | 0 | 8 | 
    +---+---+---+---+---+---+---+---+
  6 | 1 | 0 | 0 | 0 | 0 | 0 | 0 | 0 | 
    +---+---+---+---+---+---+---+---+
  7 | 0 | 0 | 3 | 0 | 0 | 0 | 0 | 0 | 
    +---+---+---+---+---+---+---+---+
  8 | 0 | 0 | 0 | 0 | 0 | 6 | 0 | 0 | 
    +---+---+---+---+---+---+---+---+

  Queen Coordinates = {(1, g), (2, d), (3, b), (4, e), (5, h), (6, a), (7, c), (8, f)}


  Solution 87
  -----------

      a   b   c   d   e   f   g   h 
    +---+---+---+---+---+---+---+---+
  1 | 0 | 0 | 0 | 0 | 0 | 0 | 7 | 0 | 
    +---+---+---+---+---+---+---+---+
  2 | 0 | 0 | 0 | 4 | 0 | 0 | 0 | 0 | 
    +---+---+---+---+---+---+---+---+
  3 | 0 | 2 | 0 | 0 | 0 | 0 | 0 | 0 | 
    +---+---+---+---+---+---+---+---+
  4 | 0 | 0 | 0 | 0 | 0 | 0 | 0 | 8 | 
    +---+---+---+---+---+---+---+---+
  5 | 0 | 0 | 0 | 0 | 0 | 6 | 0 | 0 | 
    +---+---+---+---+---+---+---+---+
  6 | 1 | 0 | 0 | 0 | 0 | 0 | 0 | 0 | 
    +---+---+---+---+---+---+---+---+
  7 | 0 | 0 | 3 | 0 | 0 | 0 | 0 | 0 | 
    +---+---+---+---+---+---+---+---+
  8 | 0 | 0 | 0 | 0 | 5 | 0 | 0 | 0 | 
    +---+---+---+---+---+---+---+---+

  Queen Coordinates = {(1, g), (2, d), (3, b), (4, h), (5, f), (6, a), (7, c), (8, e)}


  Solution 88
  -----------

      a   b   c   d   e   f   g   h 
    +---+---+---+---+---+---+---+---+
  1 | 0 | 0 | 0 | 0 | 0 | 0 | 7 | 0 | 
    +---+---+---+---+---+---+---+---+
  2 | 0 | 0 | 0 | 0 | 5 | 0 | 0 | 0 | 
    +---+---+---+---+---+---+---+---+
  3 | 0 | 0 | 3 | 0 | 0 | 0 | 0 | 0 | 
    +---+---+---+---+---+---+---+---+
  4 | 1 | 0 | 0 | 0 | 0 | 0 | 0 | 0 | 
    +---+---+---+---+---+---+---+---+
  5 | 0 | 0 | 0 | 0 | 0 | 6 | 0 | 0 | 
    +---+---+---+---+---+---+---+---+
  6 | 0 | 0 | 0 | 0 | 0 | 0 | 0 | 8 | 
    +---+---+---+---+---+---+---+---+
  7 | 0 | 2 | 0 | 0 | 0 | 0 | 0 | 0 | 
    +---+---+---+---+---+---+---+---+
  8 | 0 | 0 | 0 | 4 | 0 | 0 | 0 | 0 | 
    +---+---+---+---+---+---+---+---+

  Queen Coordinates = {(1, g), (2, e), (3, c), (4, a), (5, f), (6, h), (7, b), (8, d)}


  Solution 89
  -----------

      a   b   c   d   e   f   g   h 
    +---+---+---+---+---+---+---+---+
  1 | 0 | 0 | 0 | 0 | 0 | 0 | 0 | 8 | 
    +---+---+---+---+---+---+---+---+
  2 | 0 | 2 | 0 | 0 | 0 | 0 | 0 | 0 | 
    +---+---+---+---+---+---+---+---+
  3 | 0 | 0 | 0 | 4 | 0 | 0 | 0 | 0 | 
    +---+---+---+---+---+---+---+---+
  4 | 1 | 0 | 0 | 0 | 0 | 0 | 0 | 0 | 
    +---+---+---+---+---+---+---+---+
  5 | 0 | 0 | 0 | 0 | 0 | 0 | 7 | 0 | 
    +---+---+---+---+---+---+---+---+
  6 | 0 | 0 | 0 | 0 | 5 | 0 | 0 | 0 | 
    +---+---+---+---+---+---+---+---+
  7 | 0 | 0 | 3 | 0 | 0 | 0 | 0 | 0 | 
    +---+---+---+---+---+---+---+---+
  8 | 0 | 0 | 0 | 0 | 0 | 6 | 0 | 0 | 
    +---+---+---+---+---+---+---+---+

  Queen Coordinates = {(1, h), (2, b), (3, d), (4, a), (5, g), (6, e), (7, c), (8, f)}


  Solution 90
  -----------

      a   b   c   d   e   f   g   h 
    +---+---+---+---+---+---+---+---+
  1 | 0 | 0 | 0 | 0 | 0 | 0 | 0 | 8 | 
    +---+---+---+---+---+---+---+---+
  2 | 0 | 2 | 0 | 0 | 0 | 0 | 0 | 0 | 
    +---+---+---+---+---+---+---+---+
  3 | 0 | 0 | 0 | 0 | 5 | 0 | 0 | 0 | 
    +---+---+---+---+---+---+---+---+
  4 | 0 | 0 | 3 | 0 | 0 | 0 | 0 | 0 | 
    +---+---+---+---+---+---+---+---+
  5 | 1 | 0 | 0 | 0 | 0 | 0 | 0 | 0 | 
    +---+---+---+---+---+---+---+---+
  6 | 0 | 0 | 0 | 0 | 0 | 0 | 7 | 0 | 
    +---+---+---+---+---+---+---+---+
  7 | 0 | 0 | 0 | 4 | 0 | 0 | 0 | 0 | 
    +---+---+---+---+---+---+---+---+
  8 | 0 | 0 | 0 | 0 | 0 | 6 | 0 | 0 | 
    +---+---+---+---+---+---+---+---+

  Queen Coordinates = {(1, h), (2, b), (3, e), (4, c), (5, a), (6, g), (7, d), (8, f)}


  Solution 91
  -----------

      a   b   c   d   e   f   g   h 
    +---+---+---+---+---+---+---+---+
  1 | 0 | 0 | 0 | 0 | 0 | 0 | 0 | 8 | 
    +---+---+---+---+---+---+---+---+
  2 | 0 | 0 | 3 | 0 | 0 | 0 | 0 | 0 | 
    +---+---+---+---+---+---+---+---+
  3 | 1 | 0 | 0 | 0 | 0 | 0 | 0 | 0 | 
    +---+---+---+---+---+---+---+---+
  4 | 0 | 0 | 0 | 0 | 0 | 6 | 0 | 0 | 
    +---+---+---+---+---+---+---+---+
  5 | 0 | 2 | 0 | 0 | 0 | 0 | 0 | 0 | 
    +---+---+---+---+---+---+---+---+
  6 | 0 | 0 | 0 | 0 | 5 | 0 | 0 | 0 | 
    +---+---+---+---+---+---+---+---+
  7 | 0 | 0 | 0 | 0 | 0 | 0 | 7 | 0 | 
    +---+---+---+---+---+---+---+---+
  8 | 0 | 0 | 0 | 4 | 0 | 0 | 0 | 0 | 
    +---+---+---+---+---+---+---+---+

  Queen Coordinates = {(1, h), (2, c), (3, a), (4, f), (5, b), (6, e), (7, g), (8, d)}


  Solution 92
  -----------

      a   b   c   d   e   f   g   h 
    +---+---+---+---+---+---+---+---+
  1 | 0 | 0 | 0 | 0 | 0 | 0 | 0 | 8 | 
    +---+---+---+---+---+---+---+---+
  2 | 0 | 0 | 0 | 4 | 0 | 0 | 0 | 0 | 
    +---+---+---+---+---+---+---+---+
  3 | 1 | 0 | 0 | 0 | 0 | 0 | 0 | 0 | 
    +---+---+---+---+---+---+---+---+
  4 | 0 | 0 | 3 | 0 | 0 | 0 | 0 | 0 | 
    +---+---+---+---+---+---+---+---+
  5 | 0 | 0 | 0 | 0 | 0 | 6 | 0 | 0 | 
    +---+---+---+---+---+---+---+---+
  6 | 0 | 2 | 0 | 0 | 0 | 0 | 0 | 0 | 
    +---+---+---+---+---+---+---+---+
  7 | 0 | 0 | 0 | 0 | 0 | 0 | 7 | 0 | 
    +---+---+---+---+---+---+---+---+
  8 | 0 | 0 | 0 | 0 | 5 | 0 | 0 | 0 | 
    +---+---+---+---+---+---+---+---+

  Queen Coordinates = {(1, h), (2, d), (3, a), (4, c), (5, f), (6, b), (7, g), (8, e)}


Found 92 for 8x8 board in 0.01 seconds.

